11:12:41,90614BC-0x5A,EEPROM:,'9993,'62E3,'0201,'F71C,'FFFF,'B7F0,'A51E,'A51E,'A817,'B0D2,'D999,'0000,'5C32,'209F,'BE5A,'0733,'A56C,'7DD3,'53E3,'8042,'8047,'1D1A,'00C2,'351D,'0014,'0000,'1D47,'8011,'4C15,'F06C,'7107,'E186
11:12:41,90614BC-0x5A,Ta [C],To [C],To2 [C],Tbody [C],RAM 3,RAM 4,RAM 5
11:12:41,90614BC-0x5A,26.23,26.17,7.03,,6781,-17,-19
11:12:42,90614BC-0x5A,26.23,26.11,14.11,,6781,-15,-10
11:12:43,90614BC-0x5A,26.25,26.03,17.59,,6781,-10,-8
11:12:44,90614BC-0x5A,26.23,26.03,18.35,,6781,-11,-8
11:12:45,90614BC-0x5A,26.23,26.19,21.23,,6781,-5,-4
11:12:46,90614BC-0x5A,26.21,26.01,22.33,,6782,-6,-5
11:12:47,90614BC-0x5A,26.23,26.03,22.57,,6781,-6,-4
11:12:48,90614BC-0x5A,26.23,26.25,20.31,,6781,-4,-6
11:12:49,90614BC-0x5A,26.21,26.05,23.37,,6780,-4,-3
11:12:50,90614BC-0x5A,26.21,25.95,24.01,,6780,-8,-1
11:12:51,90614BC-0x5A,26.25,26.05,22.79,,6782,-5,-4
11:12:52,90614BC-0x5A,26.23,26.01,22.67,,6782,-6,-3
11:12:53,90614BC-0x5A,26.23,25.97,21.41,,6781,-8,-6
11:12:54,90614BC-0x5A,26.23,26.19,20.33,,6781,-6,-7
11:12:55,90614BC-0x5A,26.25,26.21,20.81,,6781,-5,-6
11:12:56,90614BC-0x5A,26.21,25.91,22.43,,6780,-8,-5
11:12:57,90614BC-0x5A,26.23,25.97,21.99,,6781,-7,-4
11:12:58,90614BC-0x5A,26.25,26.11,20.11,,6782,-6,-8
11:12:59,90614BC-0x5A,26.23,25.93,22.31,,6781,-8,-4
11:13:00,90614BC-0x5A,26.23,25.97,21.99,,6781,-8,-4
11:13:01,90614BC-0x5A,26.23,25.95,19.29,,6781,-8,-10
11:13:02,90614BC-0x5A,26.23,25.95,21.13,,6781,-8,-6
11:13:03,90614BC-0x5A,26.23,25.89,21.97,,6781,-8,-5
11:13:04,90614BC-0x5A,26.23,26.07,20.05,,6781,-8,-6
11:13:05,90614BC-0x5A,26.21,25.85,20.99,,6780,-9,-6
11:13:06,90614BC-0x5A,26.23,26.01,21.93,,6781,-6,-5
11:13:07,90614BC-0x5A,26.21,26.15,21.01,,6781,-6,-6
11:13:08,90614BC-0x5A,26.23,26.09,21.41,,6781,-5,-5
11:13:09,90614BC-0x5A,26.23,26.17,23.67,,6781,-4,0
11:13:10,90614BC-0x5A,26.21,26.09,21.19,,6781,-8,-4
11:13:11,90614BC-0x5A,26.21,25.83,21.39,,6780,-10,-5
11:13:12,90614BC-0x5A,26.21,26.09,19.45,,6780,-5,-8
11:13:13,90614BC-0x5A,26.23,26.03,21.93,,6781,-7,-3
11:13:14,90614BC-0x5A,26.21,26.09,21.49,,6780,-7,-4
11:13:15,90614BC-0x5A,26.19,26.07,21.03,,6781,-7,-5
11:13:16,90614BC-0x5A,26.17,25.91,23.15,,6780,-8,-3
11:13:17,90614BC-0x5A,26.19,25.99,22.19,,6781,-6,-4
11:13:18,90614BC-0x5A,26.21,26.11,20.21,,6781,-8,-5
11:13:19,90614BC-0x5A,26.17,26.05,22.13,,6781,-7,-2
11:13:20,90614BC-0x5A,26.21,26.19,22.15,,6780,-5,-2
11:13:21,90614BC-0x5A,26.19,25.81,24.11,,6780,-6,-3
11:13:22,90614BC-0x5A,26.13,25.97,21.51,,6777,-5,-5
11:13:23,90614BC-0x5A,26.17,26.05,20.07,,6779,-8,-7
11:13:24,90614BC-0x5A,26.23,26.17,19.89,,6781,-8,-7
11:13:25,90614BC-0x5A,26.09,26.07,19.65,,6776,-6,-7
11:13:26,90614BC-0x5A,26.21,26.15,20.37,,6781,-6,-6
11:13:27,90614BC-0x5A,26.19,26.03,20.75,,6780,-5,-5
11:13:28,90614BC-0x5A,26.21,26.13,21.11,,6781,-5,-5
11:13:29,90614BC-0x5A,26.21,25.93,22.41,,6781,-7,-2
11:13:30,90614BC-0x5A,26.21,25.99,22.61,,6781,-6,-3
11:13:31,90614BC-0x5A,26.21,26.21,20.55,,6781,-4,-6
11:13:32,90614BC-0x5A,26.21,25.97,21.65,,6780,-9,-7
11:13:33,90614BC-0x5A,26.21,26.01,20.51,,6780,-6,-8
11:13:34,90614BC-0x5A,26.19,26.09,19.95,,6780,-5,-6
11:13:35,90614BC-0x5A,26.21,26.05,22.35,,6781,-5,-3
11:13:36,90614BC-0x5A,26.21,25.99,22.05,,6781,-9,-6
11:13:37,90614BC-0x5A,26.17,25.89,22.15,,6780,-9,-3
11:13:38,90614BC-0x5A,26.19,26.11,19.87,,6780,-8,-6
11:13:39,90614BC-0x5A,26.21,26.07,22.53,,6781,-6,-3
11:13:40,90614BC-0x5A,26.19,26.11,21.41,,6780,-7,-6
11:13:41,90614BC-0x5A,26.17,26.01,22.09,,6780,-6,-4
11:13:42,90614BC-0x5A,26.21,26.07,21.27,,6781,-5,-6
11:13:43,90614BC-0x5A,26.09,25.99,22.19,,6776,-5,-4
11:13:44,90614BC-0x5A,26.17,26.09,21.25,,6780,-4,-5
11:13:45,90614BC-0x5A,26.17,25.95,25.31,,6780,-2,1
11:13:46,90614BC-0x5A,26.15,26.13,46.75,,6779,20,31
11:13:47,90614BC-0x5A,26.21,25.83,72.07,,6780,51,66
11:13:48,90614BC-0x5A,26.27,25.87,91.95,,6783,80,99
11:13:50,90614BC-0x5A,26.37,25.89,108.89,,6783,109,131
11:13:50,90614BC-0x5A,26.45,25.93,123.51,,6787,133,165
11:13:52,90614BC-0x5A,26.55,26.17,133.63,,6789,158,185
11:13:53,90614BC-0x5A,26.67,26.23,143.07,,6791,179,206
11:13:54,90614BC-0x5A,26.77,26.23,151.39,,6794,197,227
11:13:55,90614BC-0x5A,26.93,26.29,157.89,,6797,210,245
11:13:56,90614BC-0x5A,27.09,26.39,164.09,,6800,223,261
11:13:57,90614BC-0x5A,27.19,26.43,169.15,,6803,235,275
11:13:58,90614BC-0x5A,27.37,26.51,172.55,,6807,243,283
11:13:59,90614BC-0x5A,27.53,26.55,175.95,,6811,250,294
11:14:00,90614BC-0x5A,27.71,26.79,179.27,,6815,258,303
11:14:01,90614BC-0x5A,27.83,26.75,182.31,,6818,265,311
11:14:02,90614BC-0x5A,28.01,26.53,185.25,,6822,266,318
11:14:03,90614BC-0x5A,28.11,26.77,188.11,,6824,274,328
11:14:04,90614BC-0x5A,28.31,26.87,189.33,,6829,278,330
11:14:05,90614BC-0x5A,28.49,26.83,191.91,,6832,281,337
11:14:06,90614BC-0x5A,28.69,27.03,193.11,,6837,283,343
11:14:07,90614BC-0x5A,28.85,26.97,194.89,,6840,287,346
11:14:08,90614BC-0x5A,28.99,27.25,196.19,,6843,291,351
11:14:09,90614BC-0x5A,29.17,26.93,197.77,,6848,290,355
11:14:10,90614BC-0x5A,29.33,27.23,199.07,,6851,294,360
11:14:11,90614BC-0x5A,29.51,27.27,200.29,,6855,296,363
11:14:12,90614BC-0x5A,29.65,27.09,201.41,,6860,293,366
11:14:13,90614BC-0x5A,29.81,27.09,203.05,,6863,298,371
11:14:14,90614BC-0x5A,29.97,27.35,203.75,,6866,301,373
11:14:15,90614BC-0x5A,30.19,27.35,204.73,,6872,302,376
11:14:16,90614BC-0x5A,30.35,27.39,203.09,,6874,290,368
11:14:17,90614BC-0x5A,30.43,27.35,193.37,,6876,265,335
11:14:18,90614BC-0x5A,30.65,27.57,183.55,,6881,239,307
11:14:19,90614BC-0x5A,30.71,27.45,173.87,,6883,210,280
11:14:20,90614BC-0x5A,30.79,27.35,163.75,,6884,182,249
11:14:21,90614BC-0x5A,30.91,27.41,155.77,,6887,162,229
11:14:22,90614BC-0x5A,30.95,27.25,147.47,,6889,140,207
11:14:23,90614BC-0x5A,30.97,27.23,140.27,,6888,122,191
11:14:24,90614BC-0x5A,31.07,27.11,133.83,,6891,103,176
11:14:25,90614BC-0x5A,31.09,27.21,127.71,,6891,92,162
11:14:26,90614BC-0x5A,31.11,27.19,122.29,,6891,81,150
11:14:27,90614BC-0x5A,31.15,27.15,117.95,,6893,73,142
11:14:28,90614BC-0x5A,31.15,27.01,114.03,,6893,64,134
11:14:29,90614BC-0x5A,31.17,27.19,109.63,,6893,57,124
11:14:30,90614BC-0x5A,31.17,27.07,106.21,,6893,48,118
11:14:31,90614BC-0x5A,31.19,26.69,104.03,,6893,39,111
11:14:32,90614BC-0x5A,31.23,27.07,99.75,,6893,37,104
11:14:33,90614BC-0x5A,31.21,26.99,97.15,,6894,32,99
11:14:34,90614BC-0x5A,31.23,27.01,94.69,,6894,27,94
11:14:35,90614BC-0x5A,31.23,26.87,93.37,,6894,23,92
11:14:36,90614BC-0x5A,31.23,27.09,90.39,,6894,21,86
11:14:37,90614BC-0x5A,31.23,26.83,88.21,,6894,13,83
11:14:38,90614BC-0x5A,31.23,26.83,86.17,,6894,10,79
11:14:39,90614BC-0x5A,31.23,26.95,84.11,,6894,9,75
11:14:40,90614BC-0x5A,31.23,26.77,82.57,,6895,4,74
11:14:41,90614BC-0x5A,31.19,26.73,81.95,,6893,5,71
11:14:42,90614BC-0x5A,31.21,26.95,78.71,,6893,3,65
11:14:43,90614BC-0x5A,31.21,26.79,77.63,,6894,-1,63
11:14:44,90614BC-0x5A,31.21,26.85,77.53,,6894,-3,65
11:14:45,90614BC-0x5A,31.21,26.93,75.71,,6894,-3,62
11:14:46,90614BC-0x5A,31.17,26.87,73.79,,6893,-6,58
11:14:47,90614BC-0x5A,31.19,26.89,72.35,,6893,-7,56
11:14:48,90614BC-0x5A,31.19,26.69,71.45,,6893,-11,53
11:14:49,90614BC-0x5A,31.19,26.69,71.37,,6893,-12,56
11:14:50,90614BC-0x5A,31.19,26.85,68.43,,6894,-11,48
11:14:51,90614BC-0x5A,31.15,26.81,68.03,,6892,-15,50
11:14:52,90614BC-0x5A,31.17,26.91,67.11,,6893,-14,48
11:14:53,90614BC-0x5A,31.17,26.79,66.23,,6893,-17,48
11:14:54,90614BC-0x5A,31.15,26.83,65.53,,6893,-20,47
11:14:55,90614BC-0x5A,31.13,26.51,65.79,,6892,-22,47
11:14:56,90614BC-0x5A,31.13,26.71,63.91,,6893,-20,42
11:14:57,90614BC-0x5A,31.11,26.73,61.49,,6891,-21,38
11:14:58,90614BC-0x5A,31.09,26.81,61.03,,6891,-23,39
11:14:59,90614BC-0x5A,31.11,26.69,61.05,,6891,-24,38
11:15:00,90614BC-0x5A,31.09,26.79,59.31,,6891,-24,36
11:15:01,90614BC-0x5A,31.07,26.61,58.57,,6891,-28,34
11:15:02,90614BC-0x5A,31.09,26.63,58.67,,6891,-29,35
11:15:03,90614BC-0x5A,31.07,26.73,56.23,,6890,-28,31
11:15:04,90614BC-0x5A,31.05,26.71,56.55,,6891,-27,32
11:15:05,90614BC-0x5A,31.07,26.55,56.93,,6890,-31,33
11:15:06,90614BC-0x5A,31.05,26.53,55.13,,6890,-33,30
11:15:07,90614BC-0x5A,31.05,26.67,54.31,,6891,-32,29
11:15:08,90614BC-0x5A,31.03,26.55,54.45,,6889,-34,29
11:15:09,90614BC-0x5A,31.03,26.61,54.15,,6889,-33,29
11:15:10,90614BC-0x5A,31.01,26.61,53.09,,6889,-34,28
11:15:11,90614BC-0x5A,31.03,26.53,53.23,,6890,-35,29
11:15:12,90614BC-0x5A,30.99,26.63,50.89,,6888,-36,24
11:15:13,90614BC-0x5A,31.01,26.75,50.29,,6889,-35,23
11:15:14,90614BC-0x5A,31.01,26.69,50.65,,6889,-36,23
11:15:15,90614BC-0x5A,31.01,26.65,50.41,,6889,-36,25
11:15:16,90614BC-0x5A,30.95,26.49,49.53,,6888,-38,22
11:15:17,90614BC-0x5A,30.87,26.49,49.43,,6884,-39,24
11:15:18,90614BC-0x5A,30.93,26.39,49.53,,6887,-38,23
11:15:19,90614BC-0x5A,30.95,26.51,49.19,,6888,-41,24
11:15:20,90614BC-0x5A,30.91,26.47,48.69,,6887,-41,22
11:15:21,90614BC-0x5A,30.89,26.49,46.75,,6886,-42,18
11:15:22,90614BC-0x5A,30.91,26.35,46.73,,6887,-44,19
11:15:23,90614BC-0x5A,30.91,26.51,46.51,,6887,-41,19
11:15:24,90614BC-0x5A,30.89,26.39,46.67,,6886,-42,19
11:15:25,90614BC-0x5A,30.89,26.47,44.53,,6886,-42,16
11:15:26,90614BC-0x5A,30.85,26.43,46.13,,6886,-42,19
11:15:27,90614BC-0x5A,30.89,26.45,44.93,,6886,-44,17
11:15:28,90614BC-0x5A,30.85,26.47,44.43,,6885,-43,16
11:15:29,90614BC-0x5A,30.87,26.63,42.99,,6887,-43,17
11:15:30,90614BC-0x5A,30.83,26.41,43.07,,6886,-45,15
11:15:31,90614BC-0x5A,30.83,26.55,42.59,,6885,-46,13
11:15:33,90614BC-0x5A,30.81,26.33,42.55,,6884,-49,15
11:15:33,90614BC-0x5A,30.83,26.21,43.75,,6885,-48,15
11:15:35,90614BC-0x5A,30.83,26.57,43.13,,6884,-45,16
11:15:36,90614BC-0x5A,30.81,26.59,42.97,,6885,-44,17
11:15:37,90614BC-0x5A,30.81,26.45,40.29,,6884,-47,10
11:15:38,90614BC-0x5A,30.79,26.49,40.89,,6884,-48,13
11:15:39,90614BC-0x5A,30.81,26.53,40.87,,6885,-47,13
11:15:40,90614BC-0x5A,30.79,26.45,40.55,,6884,-50,13
11:15:41,90614BC-0x5A,30.79,26.49,40.17,,6884,-46,11
11:15:42,90614BC-0x5A,30.77,26.41,39.65,,6884,-50,12
11:15:43,90614BC-0x5A,30.77,26.37,38.69,,6884,-52,9
11:15:44,90614BC-0x5A,30.73,26.23,39.73,,6883,-52,11
11:15:45,90614BC-0x5A,30.71,26.19,39.37,,6882,-49,11
11:15:46,90614BC-0x5A,30.73,26.25,39.81,,6883,-49,12
11:15:47,90614BC-0x5A,30.71,26.37,38.17,,6883,-50,10
11:15:48,90614BC-0x5A,30.71,26.27,39.01,,6883,-51,11
11:15:49,90614BC-0x5A,30.71,26.35,38.31,,6882,-51,9
11:15:50,90614BC-0x5A,30.69,26.29,38.07,,6882,-52,9
11:15:51,90614BC-0x5A,30.69,26.47,36.71,,6882,-50,7
11:15:52,90614BC-0x5A,30.69,26.29,37.05,,6882,-52,8
11:15:53,90614BC-0x5A,30.67,26.51,35.69,,6882,-52,7
11:15:54,90614BC-0x5A,30.69,26.19,36.97,,6882,-55,7
11:15:55,90614BC-0x5A,30.61,26.45,34.67,,6881,-51,4
11:15:56,90614BC-0x5A,30.65,26.59,35.33,,6881,-49,6
11:15:57,90614BC-0x5A,30.63,26.33,35.59,,6881,-52,5
11:15:58,90614BC-0x5A,30.63,26.47,36.37,,6880,-50,5
11:15:59,90614BC-0x5A,30.61,26.39,33.93,,6881,-53,2
11:16:00,90614BC-0x5A,30.63,26.21,35.85,,6880,-53,7
11:16:01,90614BC-0x5A,30.63,26.37,34.63,,6881,-53,5
11:16:02,90614BC-0x5A,30.61,26.33,35.35,,6880,-52,5
11:16:03,90614BC-0x5A,30.63,26.43,33.77,,6881,-53,4
11:16:04,90614BC-0x5A,30.59,26.37,33.67,,6880,-53,4
11:16:05,90614BC-0x5A,30.61,26.45,33.85,,6880,-51,4
11:16:06,90614BC-0x5A,30.59,26.39,34.23,,6879,-53,5
11:16:07,90614BC-0x5A,30.53,26.25,33.35,,6879,-53,3
11:16:08,90614BC-0x5A,30.57,26.21,34.41,,6879,-55,6
11:16:09,90614BC-0x5A,30.59,26.43,33.99,,6879,-53,5
11:16:10,90614BC-0x5A,30.51,26.09,33.95,,6878,-57,5
11:16:11,90614BC-0x5A,30.57,26.41,33.83,,6879,-55,4
11:16:12,90614BC-0x5A,30.53,26.29,33.19,,6878,-55,2
11:16:13,90614BC-0x5A,30.53,26.23,34.21,,6878,-54,5
11:16:14,90614BC-0x5A,30.55,26.33,32.27,,6879,-56,2
11:16:15,90614BC-0x5A,30.51,26.27,32.51,,6878,-55,2
11:16:16,90614BC-0x5A,30.51,26.47,32.85,,6879,-53,4
11:16:17,90614BC-0x5A,30.49,26.25,34.13,,6877,-54,6
11:16:18,90614BC-0x5A,30.49,26.29,32.41,,6878,-53,2
11:16:19,90614BC-0x5A,30.49,26.29,31.57,,6878,-54,1
11:16:20,90614BC-0x5A,30.49,26.25,31.59,,6878,-56,2
11:16:21,90614BC-0x5A,30.47,26.21,31.71,,6877,-55,1
11:16:22,90614BC-0x5A,30.49,26.23,31.93,,6877,-56,1
11:16:23,90614BC-0x5A,30.47,26.19,32.73,,6876,-54,2
11:16:24,90614BC-0x5A,30.49,26.25,32.55,,6878,-55,4
11:16:25,90614BC-0x5A,30.45,26.25,32.69,,6877,-54,3
11:16:26,90614BC-0x5A,30.49,26.35,32.23,,6878,-54,2
11:16:27,90614BC-0x5A,30.45,26.37,31.73,,6876,-52,2
11:16:28,90614BC-0x5A,30.43,26.27,31.67,,6876,-55,2
11:16:29,90614BC-0x5A,30.43,26.39,31.47,,6876,-54,2
11:16:30,90614BC-0x5A,30.41,26.29,32.37,,6875,-56,4
11:16:31,90614BC-0x5A,30.43,26.25,30.83,,6876,-56,0
11:16:32,90614BC-0x5A,30.39,26.35,31.37,,6875,-56,0
11:16:33,90614BC-0x5A,30.41,26.23,31.43,,6876,-55,1
11:16:34,90614BC-0x5A,30.41,26.33,31.49,,6875,-51,1
11:16:35,90614BC-0x5A,30.43,26.51,30.01,,6876,-52,-1
11:16:36,90614BC-0x5A,30.39,26.23,31.89,,6875,-54,2
11:16:37,90614BC-0x5A,30.39,26.19,30.67,,6875,-57,0
11:16:38,90614BC-0x5A,30.37,26.31,30.53,,6875,-55,1
11:16:39,90614BC-0x5A,30.37,26.33,30.33,,6874,-54,0
11:16:40,90614BC-0x5A,30.37,26.37,30.29,,6874,-50,-1
11:16:41,90614BC-0x5A,30.35,26.37,30.03,,6873,-52,-1
11:16:42,90614BC-0x5A,30.37,26.35,30.35,,6874,-51,0
11:16:43,90614BC-0x5A,30.35,26.35,29.83,,6874,-56,0
11:16:44,90614BC-0x5A,30.31,26.27,30.45,,6873,-53,1
11:16:45,90614BC-0x5A,30.33,26.31,30.17,,6874,-55,-1
11:16:46,90614BC-0x5A,30.35,26.39,29.65,,6874,-55,1
11:16:47,90614BC-0x5A,30.29,26.31,29.85,,6873,-53,0
11:16:48,90614BC-0x5A,30.35,26.33,30.07,,6874,-54,-1
11:16:49,90614BC-0x5A,30.29,26.33,29.01,,6873,-54,-2
11:16:50,90614BC-0x5A,30.25,26.17,30.13,,6872,-56,0
11:16:51,90614BC-0x5A,30.29,26.25,29.27,,6873,-53,-3
11:16:52,90614BC-0x5A,30.29,26.43,29.17,,6872,-54,-1
11:16:53,90614BC-0x5A,30.27,26.35,30.05,,6872,-53,0
11:16:54,90614BC-0x5A,30.27,26.37,30.73,,6872,-52,2
11:16:55,90614BC-0x5A,30.25,26.29,30.81,,6872,-54,2
11:16:56,90614BC-0x5A,30.25,26.17,28.61,,6873,-54,-4
11:16:57,90614BC-0x5A,30.25,26.35,28.45,,6872,-54,-2
11:16:58,90614BC-0x5A,30.23,26.39,29.29,,6871,-54,0
11:16:59,90614BC-0x5A,30.25,26.15,29.45,,6872,-56,-2
11:17:00,90614BC-0x5A,30.23,26.35,28.77,,6871,-54,-3
11:17:01,90614BC-0x5A,30.23,26.11,30.17,,6871,-56,-1
11:17:02,90614BC-0x5A,30.23,26.23,29.77,,6872,-55,-1
11:17:03,90614BC-0x5A,30.21,26.27,30.55,,6870,-55,1
11:17:04,90614BC-0x5A,30.21,26.19,30.17,,6871,-56,1
11:17:05,90614BC-0x5A,30.23,26.19,29.61,,6872,-56,-1
11:17:06,90614BC-0x5A,30.21,26.17,30.31,,6871,-54,0
11:17:07,90614BC-0x5A,30.17,26.15,30.05,,6870,-53,-1
11:17:08,90614BC-0x5A,30.19,26.11,30.11,,6871,-55,-1
11:17:09,90614BC-0x5A,30.19,26.43,28.49,,6870,-53,-4
11:17:10,90614BC-0x5A,30.07,26.21,28.87,,6866,-52,-3
11:17:12,90614BC-0x5A,30.19,26.19,29.49,,6871,-56,-1
11:17:12,90614BC-0x5A,30.15,26.17,30.11,,6869,-54,0
11:17:14,90614BC-0x5A,30.17,26.21,28.87,,6870,-55,-2
11:17:15,90614BC-0x5A,30.17,26.29,29.77,,6871,-52,0
11:17:16,90614BC-0x5A,30.17,26.55,29.37,,6870,-49,-2
11:17:17,90614BC-0x5A,30.15,26.09,24.45,,6869,-60,-8
11:17:18,90614BC-0x5A,30.15,26.17,25.01,,6869,-62,-3
11:17:19,90614BC-0x5A,30.13,26.21,25.13,,6869,-60,-5
11:17:20,90614BC-0x5A,30.11,26.01,21.09,,6869,-64,-10
11:17:21,90614BC-0x5A,30.07,25.93,21.15,,6868,-63,-12
11:17:22,90614BC-0x5A,30.07,26.17,21.73,,6868,-62,-9
11:17:23,90614BC-0x5A,30.05,26.07,19.59,,6866,-63,-12
11:17:24,90614BC-0x5A,30.09,26.15,21.17,,6868,-60,-8
11:17:25,90614BC-0x5A,30.05,26.01,19.77,,6868,-65,-13
11:17:26,90614BC-0x5A,30.07,25.95,20.55,,6868,-61,-12
11:17:27,90614BC-0x5A,30.07,26.03,20.11,,6868,-65,-10
11:17:28,90614BC-0x5A,30.03,25.97,20.35,,6867,-64,-11
11:17:29,90614BC-0x5A,30.01,26.11,22.37,,6867,-59,-8
11:17:30,90614BC-0x5A,30.01,26.29,23.79,,6866,-58,-6
11:17:31,90614BC-0x5A,30.01,26.05,25.87,,6866,-57,-5
11:17:32,90614BC-0x5A,29.99,26.15,23.85,,6866,-56,-9
11:17:33,90614BC-0x5A,30.01,26.33,25.75,,6867,-54,-4
11:17:34,90614BC-0x5A,29.97,26.19,28.31,,6865,-54,0
11:17:35,90614BC-0x5A,29.99,26.09,26.69,,6866,-55,-5
11:17:36,90614BC-0x5A,29.95,26.27,24.87,,6865,-55,-5
11:17:37,90614BC-0x5A,29.99,26.21,25.91,,6866,-56,-6
11:17:38,90614BC-0x5A,29.97,26.13,27.73,,6865,-54,-3
11:17:39,90614BC-0x5A,29.95,26.31,25.67,,6865,-54,-6
11:17:40,90614BC-0x5A,29.95,26.31,26.65,,6866,-54,-3
11:17:41,90614BC-0x5A,29.95,26.11,27.71,,6864,-54,-2
11:17:42,90614BC-0x5A,29.95,26.17,27.29,,6865,-54,-4
11:17:43,90614BC-0x5A,29.93,26.23,27.49,,6864,-53,-3
11:17:44,90614BC-0x5A,29.97,26.25,27.01,,6866,-55,-3
11:17:45,90614BC-0x5A,29.95,26.25,27.67,,6865,-53,-3
11:17:46,90614BC-0x5A,29.85,26.23,27.51,,6861,-53,-3
11:17:47,90614BC-0x5A,29.95,26.09,27.09,,6865,-54,-5
11:17:48,90614BC-0x5A,29.95,26.25,28.35,,6865,-49,-2
11:17:49,90614BC-0x5A,29.89,26.21,26.61,,6864,-54,-4
11:17:50,90614BC-0x5A,29.91,26.13,27.35,,6864,-56,-3
11:17:51,90614BC-0x5A,29.89,26.29,27.89,,6864,-50,-3
11:17:52,90614BC-0x5A,29.91,26.27,27.81,,6864,-50,-3
