11:20:04,90614BC-0x5A,EEPROM:,'9993,'62E3,'0201,'F71C,'FFFF,'B775,'EB8D,'E5E6,'DBCC,'D45E,'CB41,'8600,'4B75,'2032,'BE5A,'0733,'BF92,'8E13,'53E3,'8001,'001D,'1D29,'00C1,'3504,'0014,'0000,'1C4C,'8011,'A008,'E5E6,'5003,'E140
11:20:04,90614BC-0x5A,Ta [C],To [C],To2 [C],Tbody [C],RAM 3,RAM 4,RAM 5
11:20:05,90614BC-0x5A,28.29,26.25,28.21,,6816,-76,0
11:20:06,90614BC-0x5A,28.35,26.27,28.39,,6816,-81,0
11:20:07,90614BC-0x5A,28.19,26.21,28.29,,6812,-81,-1
11:20:08,90614BC-0x5A,28.33,26.27,28.19,,6816,-81,-1
11:20:09,90614BC-0x5A,28.43,26.27,28.27,,6818,-81,-1
11:20:10,90614BC-0x5A,28.33,26.17,28.27,,6816,-82,-1
11:20:11,90614BC-0x5A,28.33,26.27,28.17,,6817,-82,-1
11:20:12,90614BC-0x5A,28.35,26.27,28.37,,6816,-79,0
11:20:13,90614BC-0x5A,28.33,26.25,28.37,,6815,-82,0
11:20:14,90614BC-0x5A,28.35,26.29,27.85,,6816,-81,-2
11:20:15,90614BC-0x5A,28.29,26.29,27.41,,6815,-78,-4
11:20:16,90614BC-0x5A,28.31,26.27,28.19,,6816,-81,0
11:20:17,90614BC-0x5A,28.35,26.31,27.71,,6816,-80,-2
11:20:18,90614BC-0x5A,28.33,26.33,27.63,,6816,-81,-3
11:20:19,90614BC-0x5A,28.33,26.27,27.47,,6816,-81,-3
11:20:20,90614BC-0x5A,28.33,26.33,26.89,,6816,-83,-5
11:20:21,90614BC-0x5A,28.29,26.29,27.37,,6815,-82,-3
11:20:22,90614BC-0x5A,28.31,26.21,27.65,,6816,-83,-3
11:20:23,90614BC-0x5A,28.29,26.25,27.63,,6815,-83,-3
11:20:24,90614BC-0x5A,28.27,26.21,27.15,,6815,-81,-5
11:20:25,90614BC-0x5A,28.29,26.29,27.19,,6815,-80,-5
11:20:26,90614BC-0x5A,28.29,26.27,27.29,,6815,-80,-4
11:20:27,90614BC-0x5A,28.31,26.33,27.05,,6815,-80,-5
11:20:28,90614BC-0x5A,28.23,26.23,27.17,,6814,-81,-4
11:20:29,90614BC-0x5A,28.27,26.25,27.37,,6815,-81,-3
11:20:30,90614BC-0x5A,28.13,26.19,26.91,,6811,-81,-5
11:20:31,90614BC-0x5A,28.27,26.27,27.23,,6815,-79,-4
11:20:32,90614BC-0x5A,28.23,26.27,26.91,,6814,-80,-5
11:20:33,90614BC-0x5A,28.11,26.19,26.77,,6810,-78,-5
11:20:34,90614BC-0x5A,28.27,26.27,26.59,,6815,-79,-7
11:20:35,90614BC-0x5A,28.27,26.33,26.71,,6814,-81,-6
11:20:36,90614BC-0x5A,28.29,26.21,26.57,,6814,-79,-7
11:20:37,90614BC-0x5A,28.29,26.35,26.95,,6815,-77,-5
11:20:38,90614BC-0x5A,28.25,26.23,26.85,,6814,-82,-5
11:20:39,90614BC-0x5A,28.25,26.27,26.77,,6814,-78,-6
11:20:40,90614BC-0x5A,28.23,26.23,27.53,,6813,-79,-2
11:20:41,90614BC-0x5A,28.21,26.23,26.97,,6813,-81,-5
11:20:42,90614BC-0x5A,28.23,26.29,27.17,,6813,-80,-4
11:20:43,90614BC-0x5A,28.21,26.31,26.19,,6813,-79,-8
11:20:44,90614BC-0x5A,28.23,26.31,27.19,,6813,-79,-3
11:20:45,90614BC-0x5A,28.21,26.31,26.45,,6813,-79,-6
11:20:46,90614BC-0x5A,28.21,26.35,26.69,,6813,-78,-6
11:20:47,90614BC-0x5A,28.17,26.23,27.13,,6812,-78,-4
11:20:48,90614BC-0x5A,28.21,26.31,26.75,,6813,-79,-5
11:20:49,90614BC-0x5A,28.13,26.19,26.83,,6812,-78,-5
11:20:50,90614BC-0x5A,28.21,26.23,27.41,,6813,-80,-3
11:20:51,90614BC-0x5A,28.13,26.27,27.03,,6811,-78,-4
11:20:52,90614BC-0x5A,28.19,26.25,26.43,,6812,-79,-4
11:20:53,90614BC-0x5A,28.21,26.29,26.51,,6813,-79,-6
11:20:54,90614BC-0x5A,28.19,26.25,25.97,,6813,-78,-9
11:20:55,90614BC-0x5A,28.17,26.25,26.13,,6812,-78,-8
11:20:56,90614BC-0x5A,28.17,26.33,26.13,,6812,-77,-8
11:20:57,90614BC-0x5A,28.17,26.29,26.65,,6812,-77,-6
11:20:58,90614BC-0x5A,28.11,26.29,26.37,,6810,-75,-6
11:20:59,90614BC-0x5A,28.11,26.25,26.39,,6811,-79,-6
11:21:00,90614BC-0x5A,28.15,26.31,26.17,,6812,-76,-8
11:21:01,90614BC-0x5A,28.13,26.35,26.63,,6811,-75,-8
11:21:02,90614BC-0x5A,28.09,26.31,26.31,,6810,-76,-6
11:21:03,90614BC-0x5A,28.13,26.27,25.71,,6811,-77,-9
11:21:04,90614BC-0x5A,28.11,26.31,25.89,,6811,-75,-8
11:21:05,90614BC-0x5A,28.15,26.27,26.43,,6812,-79,-6
11:21:06,90614BC-0x5A,28.11,26.23,26.37,,6811,-78,-6
11:21:07,90614BC-0x5A,28.09,26.35,25.89,,6810,-74,-9
11:21:08,90614BC-0x5A,28.05,26.15,29.71,,6809,-70,7
11:21:09,90614BC-0x5A,28.13,25.89,35.53,,6811,-60,29
11:21:10,90614BC-0x5A,28.15,25.57,44.93,,6812,-42,68
11:21:11,90614BC-0x5A,28.19,25.33,52.53,,6814,-22,102
11:21:12,90614BC-0x5A,28.27,24.99,59.45,,6814,-7,136
11:21:13,90614BC-0x5A,28.37,24.87,65.55,,6817,12,168
11:21:14,90614BC-0x5A,28.31,24.59,70.43,,6818,25,193
11:21:15,90614BC-0x5A,28.59,24.47,75.09,,6822,40,220
11:21:16,90614BC-0x5A,28.67,24.35,79.15,,6824,54,244
11:21:17,90614BC-0x5A,28.81,24.13,82.65,,6827,61,265
11:21:18,90614BC-0x5A,28.95,24.03,85.61,,6830,68,284
11:21:19,90614BC-0x5A,29.07,23.91,87.73,,6833,73,297
11:21:20,90614BC-0x5A,29.21,23.91,90.49,,6836,81,316
11:21:21,90614BC-0x5A,29.35,23.79,91.95,,6839,83,325
11:21:22,90614BC-0x5A,29.55,23.67,93.79,,6844,82,336
11:21:23,90614BC-0x5A,29.59,23.51,95.21,,6845,82,346
11:21:24,90614BC-0x5A,29.73,23.47,96.71,,6849,83,357
11:21:25,90614BC-0x5A,29.91,23.51,97.67,,6852,86,363
11:21:26,90614BC-0x5A,30.11,23.45,98.47,,6856,80,368
11:21:27,90614BC-0x5A,30.29,23.41,99.71,,6860,76,378
11:21:28,90614BC-0x5A,30.39,23.33,100.53,,6863,77,383
11:21:29,90614BC-0x5A,30.61,23.27,101.37,,6868,74,388
11:21:30,90614BC-0x5A,30.71,23.31,102.19,,6870,74,394
11:21:31,90614BC-0x5A,30.93,23.29,102.89,,6875,69,399
11:21:32,90614BC-0x5A,31.05,23.25,103.59,,6878,63,404
11:21:34,90614BC-0x5A,31.23,23.27,104.27,,6882,66,409
11:21:34,90614BC-0x5A,31.37,23.13,104.99,,6885,59,414
11:21:36,90614BC-0x5A,31.53,23.05,105.73,,6889,55,418
11:21:36,90614BC-0x5A,31.67,23.07,106.51,,6892,53,425
11:21:38,90614BC-0x5A,31.81,23.05,106.69,,6895,49,426
11:21:39,90614BC-0x5A,31.99,23.03,107.35,,6899,47,430
11:21:40,90614BC-0x5A,32.11,22.97,108.15,,6902,40,437
11:21:41,90614BC-0x5A,32.31,22.97,107.33,,6907,31,428
11:21:42,90614BC-0x5A,32.41,23.27,104.55,,6909,15,406
11:21:43,90614BC-0x5A,32.59,23.57,100.51,,6913,-3,374
11:21:44,90614BC-0x5A,32.63,23.81,96.53,,6914,-29,344
11:21:45,90614BC-0x5A,32.77,24.17,92.03,,6917,-49,312
11:21:46,90614BC-0x5A,32.87,24.35,87.13,,6919,-75,282
11:21:47,90614BC-0x5A,32.95,24.55,83.49,,6922,-96,254
11:21:48,90614BC-0x5A,32.97,24.61,79.57,,6922,-114,229
11:21:49,90614BC-0x5A,33.01,24.83,75.63,,6923,-129,205
11:21:50,90614BC-0x5A,33.07,24.93,72.73,,6924,-144,188
11:21:51,90614BC-0x5A,33.05,25.05,69.77,,6923,-157,172
11:21:52,90614BC-0x5A,33.11,25.03,67.33,,6925,-169,157
11:21:53,90614BC-0x5A,33.13,25.25,64.53,,6925,-178,142
11:21:54,90614BC-0x5A,33.13,25.23,62.09,,6925,-187,129
11:21:55,90614BC-0x5A,33.17,25.31,60.61,,6926,-196,122
11:21:56,90614BC-0x5A,33.15,25.39,58.31,,6926,-201,110
11:21:57,90614BC-0x5A,33.17,25.43,57.07,,6926,-205,104
11:21:58,90614BC-0x5A,33.19,25.47,55.33,,6927,-212,95
11:21:59,90614BC-0x5A,33.15,25.49,54.59,,6926,-216,93
11:22:00,90614BC-0x5A,33.19,25.61,52.71,,6927,-221,83
11:22:01,90614BC-0x5A,33.17,25.65,51.73,,6926,-223,78
11:22:02,90614BC-0x5A,33.19,25.61,50.85,,6927,-226,74
11:22:03,90614BC-0x5A,33.13,25.57,49.57,,6925,-232,68
11:22:04,90614BC-0x5A,33.13,25.61,48.73,,6925,-236,65
11:22:05,90614BC-0x5A,33.15,25.69,48.51,,6926,-235,64
11:22:06,90614BC-0x5A,33.15,25.65,47.19,,6926,-238,58
11:22:07,90614BC-0x5A,33.13,25.71,45.93,,6926,-240,52
11:22:08,90614BC-0x5A,33.15,25.73,45.83,,6926,-242,52
11:22:09,90614BC-0x5A,33.13,25.81,44.75,,6925,-242,47
11:22:10,90614BC-0x5A,33.11,25.79,44.07,,6925,-246,44
11:22:11,90614BC-0x5A,33.07,25.83,43.21,,6924,-244,41
11:22:12,90614BC-0x5A,33.13,25.89,43.53,,6925,-243,42
11:22:13,90614BC-0x5A,33.07,25.73,42.73,,6924,-248,39
11:22:14,90614BC-0x5A,33.07,25.89,42.83,,6924,-244,40
11:22:15,90614BC-0x5A,32.91,25.93,41.79,,6919,-249,36
11:22:16,90614BC-0x5A,33.03,25.97,40.65,,6923,-248,30
11:22:17,90614BC-0x5A,32.99,25.85,40.23,,6922,-251,28
11:22:18,90614BC-0x5A,32.97,25.93,39.95,,6922,-251,28
11:22:19,90614BC-0x5A,32.97,25.83,40.13,,6921,-253,29
11:22:20,90614BC-0x5A,32.97,25.99,38.97,,6921,-253,24
11:22:21,90614BC-0x5A,32.97,25.99,38.89,,6922,-252,23
11:22:22,90614BC-0x5A,32.99,25.99,38.53,,6922,-253,22
11:22:23,90614BC-0x5A,32.93,25.93,38.19,,6920,-253,21
11:22:24,90614BC-0x5A,32.91,25.89,37.47,,6920,-257,18
11:22:25,90614BC-0x5A,32.93,25.93,37.33,,6920,-256,17
11:22:26,90614BC-0x5A,32.91,25.91,37.51,,6920,-257,18
11:22:27,90614BC-0x5A,32.87,26.01,36.21,,6919,-255,13
11:22:28,90614BC-0x5A,32.93,26.05,36.35,,6921,-256,14
11:22:29,90614BC-0x5A,32.83,25.99,35.85,,6918,-257,12
11:22:30,90614BC-0x5A,32.81,25.97,35.33,,6918,-256,10
11:22:31,90614BC-0x5A,32.87,25.97,35.61,,6919,-258,11
11:22:32,90614BC-0x5A,32.83,26.07,35.29,,6918,-257,10
11:22:33,90614BC-0x5A,32.83,26.05,34.71,,6918,-258,7
11:22:34,90614BC-0x5A,32.79,25.99,34.27,,6917,-258,5
11:22:35,90614BC-0x5A,32.81,26.05,34.69,,6918,-256,8
11:22:36,90614BC-0x5A,32.81,26.11,33.91,,6918,-255,4
11:22:37,90614BC-0x5A,32.75,26.09,33.75,,6916,-256,4
11:22:38,90614BC-0x5A,32.69,25.97,33.69,,6916,-258,4
11:22:39,90614BC-0x5A,32.71,25.93,33.75,,6916,-258,4
11:22:40,90614BC-0x5A,32.73,26.05,32.73,,6916,-258,0
11:22:41,90614BC-0x5A,32.69,26.01,33.61,,6915,-258,4
11:22:42,90614BC-0x5A,32.69,26.09,32.81,,6915,-258,1
11:22:43,90614BC-0x5A,32.67,26.03,32.77,,6915,-256,1
11:22:44,90614BC-0x5A,32.63,26.03,32.65,,6914,-258,0
11:22:45,90614BC-0x5A,32.67,26.09,32.65,,6915,-257,0
11:22:46,90614BC-0x5A,32.59,25.99,31.63,,6912,-257,-5
11:22:47,90614BC-0x5A,32.67,26.19,32.43,,6915,-256,-1
11:22:48,90614BC-0x5A,32.65,26.09,32.49,,6914,-257,1
11:22:49,90614BC-0x5A,32.65,26.13,31.75,,6914,-256,-4
11:22:50,90614BC-0x5A,32.57,26.11,31.67,,6912,-255,-4
11:22:51,90614BC-0x5A,32.59,26.17,30.99,,6913,-257,-7
11:22:52,90614BC-0x5A,32.61,26.11,31.85,,6913,-256,-3
11:22:53,90614BC-0x5A,32.57,26.19,31.33,,6913,-255,-5
11:22:54,90614BC-0x5A,32.57,26.15,30.61,,6912,-257,-8
11:22:55,90614BC-0x5A,32.51,26.15,30.45,,6911,-256,-8
11:22:56,90614BC-0x5A,32.51,26.13,30.33,,6911,-256,-9
11:22:57,90614BC-0x5A,32.51,26.19,30.85,,6911,-253,-6
11:22:58,90614BC-0x5A,32.55,26.21,30.31,,6912,-254,-9
11:22:59,90614BC-0x5A,32.43,26.03,29.91,,6909,-257,-10
11:23:00,90614BC-0x5A,32.51,26.19,30.05,,6911,-255,-9
11:23:01,90614BC-0x5A,32.47,26.17,30.15,,6909,-255,-9
11:23:02,90614BC-0x5A,32.47,26.13,29.65,,6910,-254,-11
11:23:03,90614BC-0x5A,32.41,26.21,29.27,,6909,-254,-12
11:23:04,90614BC-0x5A,32.39,26.15,29.61,,6908,-253,-11
11:23:05,90614BC-0x5A,32.41,26.15,28.83,,6909,-255,-14
11:23:06,90614BC-0x5A,32.45,26.19,29.23,,6910,-254,-12
11:23:07,90614BC-0x5A,32.37,26.19,28.45,,6909,-255,-15
11:23:08,90614BC-0x5A,32.39,26.15,28.59,,6908,-255,-15
11:23:09,90614BC-0x5A,32.31,26.23,28.73,,6906,-252,-14
11:23:10,90614BC-0x5A,32.37,26.15,28.97,,6907,-255,-12
11:23:11,90614BC-0x5A,32.31,26.17,28.47,,6906,-253,-15
11:23:12,90614BC-0x5A,32.35,26.17,28.71,,6907,-251,-14
11:23:13,90614BC-0x5A,32.31,26.21,28.63,,6906,-251,-15
11:23:15,90614BC-0x5A,32.31,26.13,28.19,,6906,-253,-16
11:23:15,90614BC-0x5A,32.27,26.17,28.03,,6906,-250,-16
11:23:16,90614BC-0x5A,32.27,26.21,28.19,,6906,-249,-16
11:23:17,90614BC-0x5A,32.23,26.21,28.73,,6905,-250,-13
11:23:19,90614BC-0x5A,32.27,26.21,27.71,,6905,-251,-18
11:23:19,90614BC-0x5A,32.25,26.17,28.37,,6905,-250,-15
11:23:21,90614BC-0x5A,32.23,26.21,28.05,,6905,-249,-16
11:23:21,90614BC-0x5A,32.25,26.19,28.33,,6905,-250,-15
11:23:23,90614BC-0x5A,32.19,26.09,27.53,,6904,-250,-18
11:23:24,90614BC-0x5A,32.25,26.19,28.15,,6905,-249,-14
11:23:25,90614BC-0x5A,32.19,26.15,28.27,,6903,-250,-15
11:23:26,90614BC-0x5A,32.15,26.09,27.91,,6903,-250,-16
11:23:27,90614BC-0x5A,32.19,26.23,27.99,,6903,-246,-16
11:23:28,90614BC-0x5A,32.17,26.29,27.07,,6903,-245,-19
11:23:29,90614BC-0x5A,32.15,26.19,27.37,,6903,-248,-18
11:23:30,90614BC-0x5A,32.15,26.25,27.29,,6903,-244,-18
11:23:31,90614BC-0x5A,32.19,26.27,27.95,,6904,-246,-15
11:23:32,90614BC-0x5A,32.13,26.25,27.49,,6902,-245,-18
11:23:33,90614BC-0x5A,32.11,26.17,27.73,,6902,-248,-16
11:23:34,90614BC-0x5A,32.13,26.27,27.53,,6903,-245,-16
11:23:35,90614BC-0x5A,32.07,26.23,27.27,,6901,-246,-17
11:23:36,90614BC-0x5A,32.11,26.27,27.15,,6902,-244,-19
11:23:37,90614BC-0x5A,32.05,26.19,27.73,,6901,-243,-16
11:23:38,90614BC-0x5A,32.05,26.35,26.33,,6901,-240,-21
11:23:39,90614BC-0x5A,32.07,26.21,27.13,,6901,-243,-18
11:23:40,90614BC-0x5A,32.01,26.19,26.99,,6899,-244,-19
11:23:41,90614BC-0x5A,32.07,26.23,26.97,,6901,-242,-18
11:23:42,90614BC-0x5A,32.03,26.29,26.23,,6900,-242,-20
11:23:43,90614BC-0x5A,32.03,26.25,26.85,,6900,-242,-19
11:23:44,90614BC-0x5A,32.01,26.25,26.53,,6900,-240,-20
11:23:45,90614BC-0x5A,31.99,26.21,26.43,,6899,-243,-21
11:23:46,90614BC-0x5A,32.01,26.33,26.55,,6899,-238,-20
11:23:47,90614BC-0x5A,31.93,26.27,26.79,,6898,-239,-19
11:23:48,90614BC-0x5A,32.01,26.15,26.37,,6900,-241,-22
11:23:49,90614BC-0x5A,31.95,26.25,26.83,,6898,-238,-19
11:23:50,90614BC-0x5A,31.93,26.31,26.39,,6897,-237,-20
11:23:51,90614BC-0x5A,31.93,26.31,26.61,,6898,-239,-19
11:23:52,90614BC-0x5A,31.91,26.25,26.39,,6897,-238,-20
11:23:53,90614BC-0x5A,31.91,26.23,26.43,,6896,-237,-20
11:23:54,90614BC-0x5A,31.87,26.23,26.59,,6896,-239,-19
11:23:55,90614BC-0x5A,31.87,26.27,26.35,,6896,-239,-20
11:23:56,90614BC-0x5A,31.89,26.29,26.29,,6897,-236,-21
11:23:57,90614BC-0x5A,31.87,26.31,25.91,,6896,-236,-22
11:23:58,90614BC-0x5A,31.87,26.27,26.71,,6896,-236,-19
11:23:59,90614BC-0x5A,31.81,26.11,25.81,,6895,-238,-18
11:24:00,90614BC-0x5A,31.81,26.29,27.03,,6896,-235,-17
11:24:01,90614BC-0x5A,31.83,26.27,25.49,,6896,-237,-24
11:24:02,90614BC-0x5A,31.77,26.27,26.31,,6894,-236,-20
11:24:03,90614BC-0x5A,31.77,26.27,26.27,,6894,-233,-21
11:24:04,90614BC-0x5A,31.73,26.27,26.31,,6893,-233,-20
11:24:05,90614BC-0x5A,31.79,26.25,26.35,,6894,-234,-20
11:24:06,90614BC-0x5A,31.77,26.27,26.21,,6894,-232,-20
11:24:07,90614BC-0x5A,31.77,26.25,26.23,,6894,-234,-20
11:24:08,90614BC-0x5A,31.75,26.25,26.07,,6894,-234,-21
11:24:09,90614BC-0x5A,31.73,26.21,26.65,,6893,-234,-18
11:24:10,90614BC-0x5A,31.73,26.27,25.95,,6893,-230,-21
11:24:11,90614BC-0x5A,31.73,26.37,25.81,,6893,-230,-22
11:24:12,90614BC-0x5A,31.69,26.25,25.41,,6892,-232,-24
11:24:13,90614BC-0x5A,31.75,26.29,26.19,,6894,-233,-20
11:24:14,90614BC-0x5A,31.71,26.23,25.87,,6893,-230,-22
11:24:15,90614BC-0x5A,31.71,26.27,25.79,,6893,-230,-22
11:24:16,90614BC-0x5A,31.69,26.19,25.23,,6892,-233,-24
11:24:17,90614BC-0x5A,31.67,26.27,26.27,,6892,-230,-20
11:24:18,90614BC-0x5A,31.61,26.27,25.93,,6893,-229,-21
11:24:19,90614BC-0x5A,31.67,26.25,26.43,,6892,-228,-19
11:24:20,90614BC-0x5A,31.67,26.29,25.27,,6892,-230,-23
11:24:21,90614BC-0x5A,31.63,26.25,26.43,,6891,-229,-18
11:24:22,90614BC-0x5A,31.59,26.19,25.77,,6890,-230,-22
11:24:23,90614BC-0x5A,31.61,26.19,26.59,,6891,-226,-18
11:24:24,90614BC-0x5A,31.57,26.23,25.41,,6889,-226,-23
11:24:25,90614BC-0x5A,31.59,26.21,25.73,,6890,-226,-22
11:24:26,90614BC-0x5A,31.59,26.21,25.99,,6890,-226,-21
11:24:27,90614BC-0x5A,31.55,26.21,26.09,,6889,-225,-20
11:24:28,90614BC-0x5A,31.57,26.23,25.77,,6890,-226,-21
11:24:29,90614BC-0x5A,31.61,26.31,25.73,,6891,-224,-22
11:24:30,90614BC-0x5A,31.57,26.21,25.89,,6890,-227,-21
11:24:31,90614BC-0x5A,31.55,26.21,25.81,,6890,-224,-22
11:24:32,90614BC-0x5A,31.55,26.29,25.93,,6889,-224,-20
11:24:33,90614BC-0x5A,31.53,26.21,25.63,,6889,-224,-22
11:24:34,90614BC-0x5A,31.35,26.31,25.95,,6889,-222,-20
11:24:35,90614BC-0x5A,31.53,26.29,25.67,,6889,-224,-21
11:24:36,90614BC-0x5A,31.43,26.27,25.61,,6886,-221,-21
11:24:37,90614BC-0x5A,31.51,26.27,20.31,,6888,-242,-41
11:24:38,90614BC-0x5A,31.47,26.43,13.89,,6888,-248,-60
11:24:39,90614BC-0x5A,31.47,26.27,7.59,,6887,-272,-78
11:24:40,90614BC-0x5A,31.43,26.35,8.11,,6886,-263,-74
11:24:41,90614BC-0x5A,31.37,26.33,4.71,,6885,-273,-86
11:24:42,90614BC-0x5A,31.37,26.27,5.85,,6885,-269,-83
11:24:43,90614BC-0x5A,31.37,26.31,4.47,,6886,-274,-86
11:24:44,90614BC-0x5A,31.33,26.21,3.69,,6884,-277,-89
11:24:45,90614BC-0x5A,31.35,26.27,6.63,,6885,-267,-80
11:24:46,90614BC-0x5A,31.29,26.21,12.43,,6883,-257,-62
11:24:47,90614BC-0x5A,31.27,26.19,16.69,,6883,-244,-50
11:24:48,90614BC-0x5A,31.27,26.19,19.83,,6883,-234,-40
11:24:49,90614BC-0x5A,31.27,26.17,20.97,,6883,-230,-37
11:24:50,90614BC-0x5A,31.27,26.29,21.53,,6883,-223,-35
11:24:51,90614BC-0x5A,31.23,26.27,22.39,,6882,-222,-32
11:24:52,90614BC-0x5A,31.25,26.27,23.17,,6882,-220,-29
11:24:53,90614BC-0x5A,31.21,26.27,23.85,,6881,-219,-26
11:24:54,90614BC-0x5A,31.23,26.33,23.69,,6882,-216,-27
11:24:56,90614BC-0x5A,31.23,26.27,22.91,,6882,-219,-30
11:24:57,90614BC-0x5A,31.23,26.29,23.33,,6882,-215,-29
11:24:58,90614BC-0x5A,31.23,26.27,23.21,,6882,-219,-29
11:24:59,90614BC-0x5A,31.25,26.33,23.53,,6882,-214,-28
11:25:00,90614BC-0x5A,31.21,26.27,23.47,,6881,-214,-28
11:25:01,90614BC-0x5A,31.19,26.27,23.91,,6881,-215,-26
11:25:02,90614BC-0x5A,31.17,26.29,23.45,,6881,-214,-28
11:25:03,90614BC-0x5A,31.15,26.31,23.61,,6880,-214,-27
11:25:04,90614BC-0x5A,31.13,26.25,23.39,,6880,-214,-28
11:25:05,90614BC-0x5A,31.13,26.23,23.11,,6879,-214,-29
11:25:06,90614BC-0x5A,31.09,26.23,23.47,,6880,-213,-27
11:25:07,90614BC-0x5A,31.15,26.31,23.77,,6880,-212,-27
11:25:08,90614BC-0x5A,31.15,26.35,23.47,,6880,-211,-28
11:25:09,90614BC-0x5A,31.11,26.27,23.19,,6879,-211,-29
11:25:10,90614BC-0x5A,31.07,26.35,23.09,,6879,-210,-29
