10:45:49,90614BC-0x5A,EEPROM:,'9993,'62E3,'0201,'F71C,'FFFF,'B775,'97EA,'91A3,'8BA3,'8684,'7FE4,'DADA,'A8FC,'2075,'BE5A,'0A66,'D09F,'8E53,'53E3,'001B,'004B,'1CFD,'00C1,'34F0,'8005,'0000,'1C49,'8011,'E411,'229E,'928C,'E112
10:45:49,90614BC-0x5A,Ta [C],To [C],To2 [C],Tbody [C],RAM 3,RAM 4,RAM 5
10:45:50,90614BC-0x5A,29.63,26.15,22.73,33.00,6835,-265,-43
10:45:51,90614BC-0x5A,29.67,26.31,22.55,33.00,6836,-261,-44
10:45:52,90614BC-0x5A,29.65,26.23,22.71,33.00,6836,-263,-43
10:45:53,90614BC-0x5A,29.63,26.23,23.25,33.00,6835,-263,-39
10:45:54,90614BC-0x5A,29.69,26.27,23.09,33.00,6836,-261,-40
10:45:55,90614BC-0x5A,29.65,26.17,22.95,33.00,6836,-263,-41
10:45:56,90614BC-0x5A,29.67,26.21,22.57,33.00,6835,-262,-44
10:45:57,90614BC-0x5A,29.63,26.29,23.03,33.00,6835,-259,-40
10:45:58,90614BC-0x5A,29.61,26.23,22.71,33.00,6834,-260,-43
10:45:59,90614BC-0x5A,29.61,26.17,22.79,33.00,6835,-262,-42
10:46:00,90614BC-0x5A,29.63,26.23,23.21,33.00,6835,-257,-39
10:46:01,90614BC-0x5A,29.63,26.27,22.89,33.00,6835,-259,-43
10:46:02,90614BC-0x5A,29.63,26.21,23.13,33.00,6835,-259,-40
10:46:03,90614BC-0x5A,29.63,26.25,22.73,33.00,6835,-258,-42
10:46:04,90614BC-0x5A,29.57,26.21,22.85,33.00,6834,-256,-40
10:46:05,90614BC-0x5A,29.69,26.29,23.13,33.00,6837,-258,-40
10:46:06,90614BC-0x5A,29.61,26.23,23.09,33.00,6834,-258,-40
10:46:07,90614BC-0x5A,29.59,26.27,22.95,33.00,6834,-255,-41
10:46:08,90614BC-0x5A,29.59,26.27,23.07,33.00,6834,-255,-40
10:46:09,90614BC-0x5A,29.53,26.17,22.81,33.00,6833,-257,-41
10:46:10,90614BC-0x5A,29.53,26.15,23.37,33.00,6833,-256,-38
10:46:11,90614BC-0x5A,29.55,26.17,22.57,33.00,6833,-256,-43
10:46:12,90614BC-0x5A,29.55,26.19,22.97,33.00,6833,-255,-40
10:46:13,90614BC-0x5A,29.57,26.17,22.87,33.00,6834,-256,-41
10:46:14,90614BC-0x5A,29.53,26.13,22.87,33.00,6833,-255,-41
10:46:15,90614BC-0x5A,29.61,26.23,23.27,33.00,6835,-255,-38
10:46:16,90614BC-0x5A,29.57,26.21,23.11,33.00,6833,-254,-39
10:46:17,90614BC-0x5A,29.55,26.23,23.23,33.00,6833,-253,-39
10:46:18,90614BC-0x5A,29.57,26.17,22.93,33.00,6834,-255,-40
10:46:19,90614BC-0x5A,29.55,26.27,22.85,33.00,6834,-249,-42
10:46:20,90614BC-0x5A,29.51,26.25,23.05,33.00,6832,-255,-39
10:46:21,90614BC-0x5A,29.51,26.29,22.41,33.00,6832,-252,-43
10:46:22,90614BC-0x5A,29.51,26.21,22.69,33.00,6832,-253,-42
10:46:23,90614BC-0x5A,29.49,26.23,22.83,33.00,6832,-250,-41
10:46:24,90614BC-0x5A,29.51,26.25,22.85,33.00,6833,-250,-40
10:46:25,90614BC-0x5A,29.47,26.19,23.39,33.00,6832,-247,-38
10:46:26,90614BC-0x5A,29.45,26.09,23.15,33.00,6831,-252,-39
10:46:27,90614BC-0x5A,29.45,26.15,23.13,33.00,6831,-249,-39
10:46:28,90614BC-0x5A,29.47,26.27,22.71,33.00,6831,-248,-42
10:46:29,90614BC-0x5A,29.49,26.25,22.91,33.00,6832,-248,-40
10:46:30,90614BC-0x5A,29.49,26.27,22.79,33.00,6832,-246,-41
10:46:31,90614BC-0x5A,29.45,26.17,23.01,33.00,6831,-247,-40
10:46:32,90614BC-0x5A,29.47,26.27,23.33,33.00,6831,-245,-37
10:46:33,90614BC-0x5A,29.43,26.23,23.21,33.00,6831,-245,-38
10:46:34,90614BC-0x5A,29.51,26.25,23.09,33.00,6831,-245,-39
10:46:35,90614BC-0x5A,29.47,26.29,23.33,33.00,6831,-244,-37
10:46:36,90614BC-0x5A,29.43,26.21,23.27,33.00,6831,-243,-38
10:46:37,90614BC-0x5A,29.43,26.29,22.95,33.00,6832,-243,-40
10:46:38,90614BC-0x5A,29.47,26.27,23.11,33.00,6832,-246,-38
10:46:39,90614BC-0x5A,29.39,26.23,23.23,33.00,6829,-244,-38
10:46:40,90614BC-0x5A,29.37,26.17,22.69,33.00,6829,-242,-41
10:46:41,90614BC-0x5A,29.39,26.21,22.53,33.00,6829,-240,-42
10:46:42,90614BC-0x5A,29.37,26.19,23.27,33.00,6829,-242,-37
10:46:43,90614BC-0x5A,29.33,26.33,23.37,33.00,6831,-239,-37
10:46:44,90614BC-0x5A,29.35,26.21,22.71,33.00,6829,-242,-41
10:46:45,90614BC-0x5A,29.41,26.25,23.09,33.00,6831,-242,-38
10:46:46,90614BC-0x5A,29.33,26.21,23.37,33.00,6828,-241,-36
10:46:47,90614BC-0x5A,29.41,26.27,23.13,33.00,6830,-240,-38
10:46:48,90614BC-0x5A,29.39,26.23,23.07,33.00,6830,-239,-37
10:46:49,90614BC-0x5A,29.39,26.21,23.39,33.00,6830,-242,-37
10:46:50,90614BC-0x5A,29.33,26.27,23.05,33.00,6828,-237,-38
10:46:51,90614BC-0x5A,29.37,26.25,23.03,33.00,6829,-239,-39
10:46:52,90614BC-0x5A,29.33,26.21,23.29,33.00,6828,-238,-37
10:46:53,90614BC-0x5A,29.33,26.15,25.69,33.00,6828,-223,-22
10:46:54,90614BC-0x5A,29.39,26.11,29.33,33.00,6830,-200,0
10:46:55,90614BC-0x5A,29.43,25.99,33.79,33.00,6831,-175,29
10:46:56,90614BC-0x5A,29.47,25.83,38.79,33.00,6832,-144,64
10:46:57,90614BC-0x5A,29.55,25.77,42.89,33.00,6834,-113,92
10:46:58,90614BC-0x5A,29.59,25.59,46.85,33.00,6834,-85,120
10:46:59,90614BC-0x5A,29.73,25.69,50.05,33.00,6837,-63,144
10:47:00,90614BC-0x5A,29.81,25.47,53.17,33.00,6839,-48,169
10:47:01,90614BC-0x5A,29.93,25.43,55.59,33.00,6842,-27,188
10:47:02,90614BC-0x5A,30.05,25.33,57.85,33.00,6845,-17,206
10:47:03,90614BC-0x5A,30.13,25.35,60.07,33.00,6846,-5,224
10:47:04,90614BC-0x5A,30.37,25.35,61.77,33.00,6852,4,237
10:47:05,90614BC-0x5A,30.47,25.27,63.87,33.00,6854,14,256
10:47:06,90614BC-0x5A,30.61,25.17,65.27,33.00,6857,17,268
10:47:07,90614BC-0x5A,30.79,25.19,66.89,33.00,6862,24,280
10:47:08,90614BC-0x5A,31.01,25.19,68.31,33.00,6867,27,294
10:47:09,90614BC-0x5A,31.11,25.05,69.45,33.00,6869,27,305
10:47:10,90614BC-0x5A,31.31,25.13,70.45,33.00,6873,28,312
10:47:11,90614BC-0x5A,31.49,25.05,71.51,33.00,6877,28,321
10:47:12,90614BC-0x5A,31.55,25.05,72.69,33.00,6878,30,332
10:47:13,90614BC-0x5A,31.85,25.03,73.61,33.00,6886,29,340
10:47:14,90614BC-0x5A,31.93,24.93,74.43,33.00,6887,25,348
10:47:15,90614BC-0x5A,32.17,24.97,75.17,33.00,6893,23,353
10:47:17,90614BC-0x5A,32.37,25.05,76.33,33.00,6897,22,361
10:47:18,90614BC-0x5A,32.57,25.03,76.85,33.00,6902,17,369
10:47:19,90614BC-0x5A,32.77,24.95,78.01,33.00,6907,13,379
10:47:20,90614BC-0x5A,32.89,24.87,78.67,33.00,6909,10,386
10:47:21,90614BC-0x5A,33.05,24.89,79.15,33.00,6913,7,389
10:47:22,90614BC-0x5A,33.27,24.87,80.01,33.00,6918,0,397
10:47:23,90614BC-0x5A,33.45,24.89,80.43,33.00,6922,-3,400
10:47:24,90614BC-0x5A,33.65,24.95,81.19,33.00,6926,-10,408
10:47:25,90614BC-0x5A,33.77,24.83,81.87,33.00,6929,-15,414
10:47:26,90614BC-0x5A,33.85,24.71,82.47,33.00,6930,-22,418
10:47:27,90614BC-0x5A,34.23,24.87,83.17,33.00,6939,-27,426
10:47:28,90614BC-0x5A,34.41,24.83,83.47,33.00,6943,-36,428
10:47:29,90614BC-0x5A,34.59,24.83,83.81,33.00,6948,-45,430
10:47:30,90614BC-0x5A,34.81,24.97,82.51,33.00,6952,-72,413
10:47:31,90614BC-0x5A,35.01,25.03,80.59,33.00,6957,-102,393
10:47:32,90614BC-0x5A,35.07,25.13,77.05,33.00,6958,-153,358
10:47:33,90614BC-0x5A,35.25,25.33,73.83,33.00,6963,-197,319
10:47:34,90614BC-0x5A,35.37,25.39,70.81,33.00,6965,-241,288
10:47:35,90614BC-0x5A,35.39,25.41,67.59,33.00,6966,-282,257
10:47:36,90614BC-0x5A,35.51,25.47,64.69,33.00,6969,-321,230
10:47:37,90614BC-0x5A,35.57,25.59,62.31,33.00,6970,-354,208
10:47:38,90614BC-0x5A,35.67,25.75,59.63,33.00,6972,-381,183
10:47:39,90614BC-0x5A,35.71,25.81,57.15,33.00,6973,-408,163
10:47:40,90614BC-0x5A,35.75,25.85,55.27,33.00,6974,-430,146
10:47:41,90614BC-0x5A,35.81,25.87,53.25,33.00,6975,-451,129
10:47:42,90614BC-0x5A,35.79,25.93,51.55,33.00,6975,-468,116
10:47:43,90614BC-0x5A,35.81,25.99,49.97,33.00,6975,-482,103
10:47:44,90614BC-0x5A,35.83,25.93,48.63,33.00,6975,-497,92
10:47:45,90614BC-0x5A,35.87,25.97,47.25,33.00,6976,-511,82
10:47:46,90614BC-0x5A,35.89,26.01,46.03,33.00,6977,-524,73
10:47:47,90614BC-0x5A,35.87,26.13,44.97,33.00,6976,-528,65
10:47:48,90614BC-0x5A,35.89,26.07,43.95,33.00,6977,-541,57
10:47:49,90614BC-0x5A,35.91,26.07,43.03,33.00,6977,-551,50
10:47:50,90614BC-0x5A,35.91,26.05,42.05,33.00,6978,-558,42
10:47:51,90614BC-0x5A,35.89,26.07,41.13,33.00,6977,-564,36
10:47:52,90614BC-0x5A,35.89,26.15,40.57,33.00,6977,-568,33
10:47:53,90614BC-0x5A,35.87,26.17,39.87,33.00,6976,-574,28
10:47:54,90614BC-0x5A,35.89,26.13,39.43,33.00,6977,-581,25
10:47:55,90614BC-0x5A,35.87,26.17,38.49,33.00,6976,-587,18
10:47:56,90614BC-0x5A,35.89,26.17,37.87,33.00,6977,-591,15
10:47:57,90614BC-0x5A,35.83,26.17,37.29,33.00,6975,-594,10
10:47:58,90614BC-0x5A,35.81,26.15,36.89,33.00,6975,-598,8
10:47:59,90614BC-0x5A,35.83,26.25,36.01,33.00,6976,-599,1
10:48:00,90614BC-0x5A,35.77,26.13,35.77,33.00,6974,-605,0
10:48:01,90614BC-0x5A,35.71,26.15,35.43,33.00,6973,-605,-3
10:48:02,90614BC-0x5A,35.75,26.15,35.05,33.00,6974,-607,-6
10:48:03,90614BC-0x5A,35.77,26.15,34.83,33.00,6974,-611,-6
10:48:04,90614BC-0x5A,35.75,26.21,33.77,33.00,6974,-614,-14
10:48:05,90614BC-0x5A,35.73,26.23,33.43,33.00,6973,-617,-16
10:48:06,90614BC-0x5A,35.73,26.23,33.51,33.00,6973,-620,-15
10:48:07,90614BC-0x5A,35.71,26.25,33.11,33.00,6973,-621,-17
10:48:08,90614BC-0x5A,35.69,26.23,32.71,33.00,6972,-624,-20
10:48:09,90614BC-0x5A,35.61,26.15,32.35,33.00,6970,-624,-22
10:48:10,90614BC-0x5A,35.65,26.17,32.13,33.00,6971,-624,-24
10:48:11,90614BC-0x5A,35.63,26.23,31.43,33.00,6971,-625,-29
10:48:12,90614BC-0x5A,35.57,26.21,31.29,33.00,6969,-629,-29
10:48:13,90614BC-0x5A,35.59,26.17,31.07,33.00,6970,-629,-31
10:48:14,90614BC-0x5A,35.59,26.19,30.95,33.00,6970,-630,-31
10:48:15,90614BC-0x5A,35.55,26.17,30.45,33.00,6969,-628,-34
10:48:16,90614BC-0x5A,35.57,26.21,30.53,33.00,6969,-630,-33
10:48:17,90614BC-0x5A,35.47,26.19,29.89,33.00,6969,-633,-37
10:48:18,90614BC-0x5A,35.51,26.15,29.51,33.00,6968,-635,-40
10:48:19,90614BC-0x5A,35.49,26.21,29.69,33.00,6968,-631,-38
10:48:20,90614BC-0x5A,35.53,26.21,29.43,33.00,6968,-633,-40
10:48:21,90614BC-0x5A,35.47,26.19,28.91,33.00,6967,-633,-43
10:48:22,90614BC-0x5A,35.43,26.43,25.53,33.00,6966,-650,-67
10:48:23,90614BC-0x5A,35.45,26.21,18.69,33.00,6967,-715,-103
10:48:24,90614BC-0x5A,35.35,26.47,16.09,33.00,6965,-711,-119
10:48:25,90614BC-0x5A,35.41,26.17,17.41,33.00,6966,-726,-108
10:48:26,90614BC-0x5A,35.35,26.45,14.45,33.00,6964,-713,-127
10:48:27,90614BC-0x5A,35.29,26.15,17.33,33.00,6963,-724,-107
10:48:28,90614BC-0x5A,35.27,26.23,11.97,33.00,6963,-746,-138
10:48:29,90614BC-0x5A,35.31,26.15,19.03,33.00,6964,-710,-98
10:48:30,90614BC-0x5A,35.25,26.25,13.15,33.00,6962,-734,-131
10:48:31,90614BC-0x5A,35.17,26.13,19.93,33.00,6960,-698,-93
10:48:32,90614BC-0x5A,35.23,26.05,23.55,33.00,6962,-666,-73
10:48:33,90614BC-0x5A,35.17,26.13,25.23,33.00,6961,-648,-63
10:48:34,90614BC-0x5A,35.17,26.13,25.79,33.00,6960,-644,-60
10:48:35,90614BC-0x5A,35.21,26.09,26.27,33.00,6962,-644,-56
10:48:36,90614BC-0x5A,35.25,26.17,25.71,33.00,6963,-644,-61
10:48:37,90614BC-0x5A,35.13,26.13,25.29,33.00,6960,-646,-63
10:48:38,90614BC-0x5A,35.13,26.17,25.25,33.00,6960,-646,-63
10:48:39,90614BC-0x5A,35.11,26.19,24.53,33.00,6960,-648,-68
10:48:40,90614BC-0x5A,35.11,26.17,24.27,33.00,6959,-648,-69
10:48:41,90614BC-0x5A,35.11,26.15,24.31,33.00,6959,-648,-69
10:48:42,90614BC-0x5A,35.03,26.13,23.91,33.00,6957,-649,-71
10:48:43,90614BC-0x5A,35.05,26.15,23.35,33.00,6958,-651,-74
10:48:44,90614BC-0x5A,35.03,26.11,23.17,33.00,6957,-652,-75
10:48:45,90614BC-0x5A,34.99,26.13,23.43,33.00,6958,-652,-73
10:48:46,90614BC-0x5A,35.03,26.13,23.03,33.00,6958,-655,-75
10:48:47,90614BC-0x5A,34.95,26.11,22.63,33.00,6955,-653,-78
10:48:48,90614BC-0x5A,34.97,26.21,22.75,33.00,6958,-651,-77
10:48:49,90614BC-0x5A,34.93,26.13,22.43,33.00,6955,-655,-79
10:48:50,90614BC-0x5A,34.95,26.13,22.35,33.00,6955,-652,-79
10:48:51,90614BC-0x5A,34.93,26.15,22.35,33.00,6955,-651,-78
10:48:52,90614BC-0x5A,34.91,26.09,22.51,33.00,6954,-653,-78
10:48:53,90614BC-0x5A,34.91,26.21,21.51,33.00,6955,-651,-84
10:48:54,90614BC-0x5A,34.89,26.13,21.99,33.00,6954,-653,-80
10:48:55,90614BC-0x5A,34.89,26.13,21.95,33.00,6954,-655,-80
10:48:56,90614BC-0x5A,34.85,26.19,21.25,33.00,6954,-652,-85
10:48:57,90614BC-0x5A,34.79,26.11,20.83,33.00,6952,-655,-87
10:48:58,90614BC-0x5A,34.81,26.15,21.21,33.00,6953,-651,-84
10:48:59,90614BC-0x5A,34.81,26.15,20.99,33.00,6953,-652,-85
10:49:00,90614BC-0x5A,34.81,26.19,21.13,33.00,6952,-652,-84
10:49:02,90614BC-0x5A,34.77,26.19,20.45,33.00,6952,-652,-89
10:49:03,90614BC-0x5A,34.73,26.13,20.25,33.00,6951,-653,-89
10:49:04,90614BC-0x5A,34.73,26.15,20.51,33.00,6951,-651,-88
10:49:05,90614BC-0x5A,34.73,26.09,20.29,33.00,6950,-653,-89
10:49:06,90614BC-0x5A,34.65,26.21,20.35,33.00,6950,-646,-89
