11:01:20,90614BC-0x5A,EEPROM:,'9993,'62E3,'0201,'F71C,'FFFF,'B775,'EDC4,'E810,'DDDD,'D65E,'CD2A,'8600,'4B75,'2032,'BE5A,'0733,'DDAE,'8E13,'53E3,'8002,'0018,'1D01,'00C1,'34EB,'0014,'0000,'1C46,'8011,'F014,'E5DE,'5003,'E140
11:01:20,90614BC-0x5A,Ta [C],To [C],To2 [C],Tbody [C],RAM 3,RAM 4,RAM 5
11:01:20,90614BC-0x5A,28.45,26.37,27.71,33.00,6806,-83,-3
11:01:21,90614BC-0x5A,28.47,26.35,27.87,33.00,6806,-86,-2
11:01:22,90614BC-0x5A,28.47,26.47,27.33,33.00,6807,-81,-5
11:01:23,90614BC-0x5A,28.43,26.45,27.15,33.00,6806,-81,-6
11:01:24,90614BC-0x5A,28.43,26.29,27.31,33.00,6806,-84,-5
11:01:25,90614BC-0x5A,28.45,26.39,27.53,33.00,6806,-83,-4
11:01:26,90614BC-0x5A,28.43,26.37,26.93,33.00,6805,-83,-7
11:01:27,90614BC-0x5A,28.45,26.45,27.57,33.00,6806,-79,-4
11:01:28,90614BC-0x5A,28.47,26.39,27.53,33.00,6807,-83,-4
11:01:29,90614BC-0x5A,28.37,26.31,27.43,33.00,6804,-82,-5
11:01:30,90614BC-0x5A,28.41,26.39,27.15,33.00,6805,-83,-6
11:01:31,90614BC-0x5A,28.37,26.37,26.87,33.00,6804,-82,-7
11:01:32,90614BC-0x5A,28.41,26.41,27.85,33.00,6805,-81,-2
11:01:33,90614BC-0x5A,28.37,26.49,27.09,33.00,6804,-77,-6
11:01:34,90614BC-0x5A,28.41,26.41,27.09,33.00,6804,-80,-6
11:01:35,90614BC-0x5A,28.45,26.43,27.33,33.00,6806,-79,-5
11:01:36,90614BC-0x5A,28.45,26.41,27.17,33.00,6806,-80,-6
11:01:37,90614BC-0x5A,28.41,26.37,27.29,33.00,6805,-81,-5
11:01:38,90614BC-0x5A,28.37,26.37,27.27,33.00,6804,-80,-5
11:01:39,90614BC-0x5A,28.33,26.31,27.01,33.00,6804,-81,-6
11:01:40,90614BC-0x5A,28.19,26.37,27.13,33.00,6799,-82,-5
11:01:41,90614BC-0x5A,28.33,26.43,27.09,33.00,6804,-79,-6
11:01:43,90614BC-0x5A,28.39,26.37,26.81,33.00,6805,-81,-7
11:01:44,90614BC-0x5A,28.37,26.35,27.21,33.00,6804,-80,-5
11:01:45,90614BC-0x5A,28.37,26.41,27.05,33.00,6804,-79,-6
11:01:46,90614BC-0x5A,28.37,26.33,26.67,33.00,6804,-83,-7
11:01:47,90614BC-0x5A,28.35,26.41,26.97,33.00,6804,-82,-6
11:01:48,90614BC-0x5A,28.35,26.39,26.53,33.00,6804,-80,-8
11:01:49,90614BC-0x5A,28.29,26.31,27.07,33.00,6803,-79,-5
11:01:50,90614BC-0x5A,28.35,26.41,27.03,33.00,6803,-81,-6
11:01:51,90614BC-0x5A,28.29,26.33,26.89,33.00,6802,-80,-6
11:01:52,90614BC-0x5A,28.39,26.47,27.27,33.00,6805,-79,-6
11:01:53,90614BC-0x5A,28.35,26.43,26.97,33.00,6804,-79,-6
11:01:54,90614BC-0x5A,28.33,26.33,26.85,33.00,6803,-80,-4
11:01:55,90614BC-0x5A,28.33,26.47,26.69,33.00,6803,-77,-7
11:01:56,90614BC-0x5A,28.29,26.37,27.03,33.00,6802,-79,-6
11:01:57,90614BC-0x5A,28.31,26.41,27.19,33.00,6803,-76,-5
11:01:58,90614BC-0x5A,28.29,26.33,27.23,33.00,6802,-80,-4
11:01:59,90614BC-0x5A,28.31,26.43,26.83,33.00,6803,-78,-8
11:02:00,90614BC-0x5A,28.29,26.39,26.87,33.00,6802,-77,-6
11:02:01,90614BC-0x5A,28.27,26.35,26.65,33.00,6802,-79,-7
11:02:02,90614BC-0x5A,28.27,26.37,26.87,33.00,6802,-79,-6
11:02:03,90614BC-0x5A,28.31,26.39,26.65,33.00,6803,-78,-7
11:02:04,90614BC-0x5A,28.23,26.47,26.31,33.00,6800,-74,-9
11:02:05,90614BC-0x5A,28.25,26.43,26.85,33.00,6802,-74,-6
11:02:06,90614BC-0x5A,28.23,26.33,26.67,33.00,6801,-78,-7
11:02:07,90614BC-0x5A,28.27,26.37,26.97,33.00,6802,-75,-6
11:02:08,90614BC-0x5A,28.25,26.39,27.05,33.00,6801,-75,-5
11:02:09,90614BC-0x5A,28.27,26.37,26.69,33.00,6802,-76,-7
11:02:10,90614BC-0x5A,28.23,26.47,26.45,33.00,6802,-73,-8
11:02:11,90614BC-0x5A,28.25,26.47,27.05,33.00,6801,-73,-5
11:02:12,90614BC-0x5A,28.25,26.41,26.93,33.00,6801,-74,-6
11:02:13,90614BC-0x5A,28.25,26.43,27.57,33.00,6801,-75,-3
11:02:14,90614BC-0x5A,28.23,26.35,27.23,33.00,6800,-75,-4
11:02:15,90614BC-0x5A,28.25,26.41,26.79,33.00,6802,-74,-6
11:02:16,90614BC-0x5A,28.27,26.45,27.03,33.00,6802,-77,-6
11:02:17,90614BC-0x5A,28.21,26.41,27.19,33.00,6800,-74,-5
11:02:18,90614BC-0x5A,28.19,26.47,27.55,33.00,6800,-74,-3
11:02:19,90614BC-0x5A,28.17,26.35,26.91,33.00,6800,-75,-6
11:02:20,90614BC-0x5A,28.07,26.31,26.75,33.00,6796,-74,-7
11:02:21,90614BC-0x5A,28.25,26.41,27.11,33.00,6801,-74,-5
11:02:22,90614BC-0x5A,28.05,26.31,26.91,33.00,6796,-72,-5
11:02:23,90614BC-0x5A,28.21,26.43,26.99,33.00,6801,-74,-5
11:02:24,90614BC-0x5A,27.99,26.17,27.75,33.00,6794,-73,-2
11:02:25,90614BC-0x5A,28.13,26.27,27.35,33.00,6800,-75,-3
11:02:26,90614BC-0x5A,28.13,26.31,26.83,33.00,6800,-73,-6
11:02:27,90614BC-0x5A,28.15,26.33,27.03,33.00,6799,-74,-5
11:02:28,90614BC-0x5A,28.17,26.41,26.75,33.00,6800,-72,-6
11:02:29,90614BC-0x5A,28.13,26.35,27.85,33.00,6799,-70,-1
11:02:30,90614BC-0x5A,28.15,26.43,33.47,33.00,6800,-47,24
11:02:31,90614BC-0x5A,28.21,26.45,41.95,33.00,6801,-15,63
11:02:32,90614BC-0x5A,28.27,26.63,49.97,33.00,6802,22,104
11:02:33,90614BC-0x5A,28.33,26.49,57.29,33.00,6804,51,143
11:02:34,90614BC-0x5A,28.37,26.39,63.29,33.00,6804,80,177
11:02:35,90614BC-0x5A,28.53,26.43,68.45,33.00,6808,102,209
11:02:36,90614BC-0x5A,28.65,26.37,72.79,33.00,6810,123,236
11:02:37,90614BC-0x5A,28.63,26.11,76.11,33.00,6809,135,257
11:02:38,90614BC-0x5A,28.89,26.27,79.21,33.00,6816,148,279
11:02:39,90614BC-0x5A,29.07,26.27,81.37,33.00,6819,158,294
11:02:40,90614BC-0x5A,29.19,26.19,83.99,33.00,6823,166,312
11:02:41,90614BC-0x5A,29.29,26.15,85.75,33.00,6824,173,324
11:02:42,90614BC-0x5A,29.51,26.17,87.71,33.00,6830,177,339
11:02:43,90614BC-0x5A,29.63,26.19,89.23,33.00,6833,182,350
11:02:44,90614BC-0x5A,29.79,26.11,91.09,33.00,6836,187,363
11:02:45,90614BC-0x5A,29.89,25.95,92.55,33.00,6839,188,376
11:02:46,90614BC-0x5A,30.09,26.03,94.09,33.00,6843,189,387
11:02:47,90614BC-0x5A,30.25,26.01,95.25,33.00,6847,194,395
11:02:48,90614BC-0x5A,30.47,26.01,96.59,33.00,6852,195,405
11:02:49,90614BC-0x5A,30.63,26.01,97.81,33.00,6855,197,415
11:02:50,90614BC-0x5A,30.77,25.87,98.99,33.00,6858,193,425
11:02:51,90614BC-0x5A,30.95,25.87,100.13,33.00,6863,196,434
11:02:52,90614BC-0x5A,31.15,25.87,101.29,33.00,6867,196,442
11:02:53,90614BC-0x5A,31.35,25.81,102.37,33.00,6872,197,452
11:02:54,90614BC-0x5A,31.47,25.73,103.33,33.00,6875,194,460
11:02:55,90614BC-0x5A,31.71,25.87,104.39,33.00,6880,193,468
11:02:56,90614BC-0x5A,31.81,25.77,104.95,33.00,6882,193,473
11:02:57,90614BC-0x5A,32.01,25.77,105.95,33.00,6887,191,480
11:02:58,90614BC-0x5A,32.23,25.67,106.75,33.00,6891,189,487
11:02:59,90614BC-0x5A,32.37,25.77,107.01,33.00,6895,188,488
11:03:00,90614BC-0x5A,32.55,25.51,105.03,33.00,6899,154,469
11:03:01,90614BC-0x5A,32.69,25.49,100.79,33.00,6902,117,429
11:03:02,90614BC-0x5A,32.81,25.55,96.13,33.00,6905,76,390
11:03:03,90614BC-0x5A,32.91,25.57,91.41,33.00,6907,35,352
11:03:04,90614BC-0x5A,33.03,25.55,86.83,33.00,6910,0,315
11:03:05,90614BC-0x5A,33.07,25.67,82.11,33.00,6910,-28,280
11:03:06,90614BC-0x5A,33.15,25.63,78.31,33.00,6912,-59,253
11:03:07,90614BC-0x5A,33.19,25.69,74.67,33.00,6913,-81,228
11:03:08,90614BC-0x5A,33.23,25.69,71.85,33.00,6914,-103,210
11:03:09,90614BC-0x5A,33.27,25.67,69.01,33.00,6915,-118,191
11:03:10,90614BC-0x5A,33.27,25.75,66.47,33.00,6915,-133,175
11:03:11,90614BC-0x5A,33.27,25.69,64.19,33.00,6915,-148,161
11:03:12,90614BC-0x5A,33.27,25.73,62.53,33.00,6915,-157,150
11:03:13,90614BC-0x5A,33.27,25.77,60.49,33.00,6915,-163,139
11:03:14,90614BC-0x5A,33.37,25.77,58.85,33.00,6916,-174,129
11:03:15,90614BC-0x5A,33.35,25.73,57.93,33.00,6917,-183,124
11:03:16,90614BC-0x5A,33.33,25.85,56.51,33.00,6916,-187,116
11:03:17,90614BC-0x5A,33.37,25.85,55.23,33.00,6917,-192,109
11:03:18,90614BC-0x5A,33.33,25.81,54.19,33.00,6916,-199,104
11:03:19,90614BC-0x5A,33.33,25.73,52.93,33.00,6917,-205,96
11:03:20,90614BC-0x5A,33.31,25.81,51.93,33.00,6916,-208,91
11:03:21,90614BC-0x5A,33.35,25.83,51.37,33.00,6917,-212,88
11:03:22,90614BC-0x5A,33.37,25.91,50.81,33.00,6917,-214,82
11:03:23,90614BC-0x5A,33.39,25.97,49.43,33.00,6918,-217,77
11:03:24,90614BC-0x5A,33.31,25.91,48.99,33.00,6916,-219,73
11:03:26,90614BC-0x5A,33.35,25.91,47.87,33.00,6917,-222,68
11:03:27,90614BC-0x5A,33.29,25.93,47.53,33.00,6916,-222,67
11:03:27,90614BC-0x5A,33.29,25.97,46.85,33.00,6916,-225,64
11:03:29,90614BC-0x5A,33.33,26.01,46.21,33.00,6917,-230,61
11:03:30,90614BC-0x5A,33.25,25.83,45.49,33.00,6915,-232,57
11:03:31,90614BC-0x5A,33.25,25.93,44.83,33.00,6914,-232,54
11:03:32,90614BC-0x5A,33.23,25.83,44.75,33.00,6915,-234,55
11:03:33,90614BC-0x5A,33.21,25.95,44.05,33.00,6912,-234,51
11:03:34,90614BC-0x5A,33.23,25.99,43.61,33.00,6914,-234,48
11:03:35,90614BC-0x5A,33.21,25.99,43.13,33.00,6914,-239,46
11:03:36,90614BC-0x5A,33.17,26.01,43.07,33.00,6913,-238,47
11:03:37,90614BC-0x5A,33.15,26.01,41.97,33.00,6912,-240,40
11:03:38,90614BC-0x5A,33.17,26.11,41.27,33.00,6913,-240,37
11:03:39,90614BC-0x5A,33.21,26.07,41.21,33.00,6914,-242,38
11:03:40,90614BC-0x5A,32.95,25.81,41.05,33.00,6907,-244,37
11:03:41,90614BC-0x5A,33.11,26.03,40.49,33.00,6911,-243,34
11:03:42,90614BC-0x5A,33.11,26.05,39.97,33.00,6912,-244,31
11:03:43,90614BC-0x5A,33.07,26.01,39.87,33.00,6910,-246,31
11:03:44,90614BC-0x5A,32.89,25.93,39.45,33.00,6905,-245,30
11:03:45,90614BC-0x5A,33.05,26.07,39.01,33.00,6911,-246,27
11:03:46,90614BC-0x5A,33.07,26.13,38.69,33.00,6911,-244,25
11:03:47,90614BC-0x5A,33.03,26.09,38.51,33.00,6909,-248,25
11:03:48,90614BC-0x5A,33.03,26.15,37.71,33.00,6910,-248,21
11:03:49,90614BC-0x5A,33.03,26.09,37.85,33.00,6910,-248,22
11:03:50,90614BC-0x5A,32.99,26.13,37.39,33.00,6909,-249,19
11:03:51,90614BC-0x5A,33.03,26.13,37.35,33.00,6910,-246,20
11:03:52,90614BC-0x5A,33.01,26.15,37.03,33.00,6909,-248,19
11:03:53,90614BC-0x5A,32.99,26.17,36.65,33.00,6909,-248,17
11:03:54,90614BC-0x5A,32.97,26.15,37.11,33.00,6909,-249,20
11:03:55,90614BC-0x5A,32.99,26.15,36.77,33.00,6909,-249,18
11:03:56,90614BC-0x5A,32.91,26.09,35.93,33.00,6907,-250,13
11:03:57,90614BC-0x5A,32.91,26.13,36.13,33.00,6907,-250,15
11:03:58,90614BC-0x5A,32.89,26.17,35.57,33.00,6906,-249,12
11:03:59,90614BC-0x5A,32.91,26.21,35.23,33.00,6907,-248,10
11:04:00,90614BC-0x5A,32.89,26.15,35.37,33.00,6907,-249,13
11:04:01,90614BC-0x5A,32.85,26.23,34.63,33.00,6905,-249,8
11:04:02,90614BC-0x5A,32.83,26.21,34.61,33.00,6906,-249,8
11:04:03,90614BC-0x5A,32.85,26.25,34.65,33.00,6906,-251,9
11:04:04,90614BC-0x5A,32.81,26.15,34.01,33.00,6905,-252,5
11:04:05,90614BC-0x5A,32.83,26.13,33.93,33.00,6905,-253,5
11:04:06,90614BC-0x5A,32.81,26.25,33.31,33.00,6905,-250,2
11:04:07,90614BC-0x5A,32.81,26.21,33.67,33.00,6905,-249,4
11:04:08,90614BC-0x5A,32.79,26.15,33.45,33.00,6904,-251,3
11:04:09,90614BC-0x5A,32.73,26.21,33.43,33.00,6903,-251,3
11:04:10,90614BC-0x5A,32.79,26.23,32.85,33.00,6904,-252,0
11:04:11,90614BC-0x5A,32.73,26.13,33.19,33.00,6903,-252,2
11:04:12,90614BC-0x5A,32.75,26.19,32.81,33.00,6903,-253,0
11:04:13,90614BC-0x5A,32.75,26.19,32.81,33.00,6903,-252,0
11:04:14,90614BC-0x5A,32.71,26.31,32.73,33.00,6903,-250,1
11:04:15,90614BC-0x5A,32.71,26.19,32.53,33.00,6903,-253,-1
11:04:16,90614BC-0x5A,32.69,26.27,32.51,33.00,6902,-251,-1
11:04:17,90614BC-0x5A,32.67,26.27,32.51,33.00,6901,-250,-1
11:04:18,90614BC-0x5A,32.63,26.23,32.35,33.00,6900,-250,-1
11:04:19,90614BC-0x5A,32.61,26.31,31.77,33.00,6900,-249,-5
11:04:20,90614BC-0x5A,32.69,26.27,31.67,33.00,6902,-248,-4
11:04:21,90614BC-0x5A,32.63,26.25,32.05,33.00,6901,-251,-3
11:04:22,90614BC-0x5A,32.59,26.21,32.09,33.00,6899,-250,-2
11:04:23,90614BC-0x5A,32.61,26.31,32.09,33.00,6900,-250,-2
11:04:24,90614BC-0x5A,32.59,26.21,31.29,33.00,6900,-252,-6
11:04:25,90614BC-0x5A,32.57,26.29,31.45,33.00,6899,-248,-5
11:04:26,90614BC-0x5A,32.57,26.27,31.27,33.00,6899,-248,-6
11:04:27,90614BC-0x5A,32.51,26.27,30.89,33.00,6898,-248,-8
11:04:28,90614BC-0x5A,32.59,26.31,31.23,33.00,6900,-248,-6
11:04:29,90614BC-0x5A,32.53,26.15,31.45,33.00,6899,-251,-5
11:04:30,90614BC-0x5A,32.49,26.27,30.51,33.00,6897,-248,-9
11:04:31,90614BC-0x5A,32.51,26.17,31.15,33.00,6898,-251,-6
11:04:32,90614BC-0x5A,32.51,26.27,30.71,33.00,6898,-248,-8
11:04:33,90614BC-0x5A,32.43,26.21,30.45,33.00,6896,-247,-7
11:04:34,90614BC-0x5A,32.51,26.35,30.13,33.00,6898,-246,-11
11:04:35,90614BC-0x5A,32.45,26.27,30.73,33.00,6896,-248,-7
11:04:36,90614BC-0x5A,32.47,26.27,30.59,33.00,6897,-250,-11
11:04:37,90614BC-0x5A,32.43,26.29,30.39,33.00,6896,-245,-9
11:04:38,90614BC-0x5A,32.43,26.23,29.95,33.00,6896,-246,-11
11:04:39,90614BC-0x5A,32.43,26.33,29.79,33.00,6895,-245,-11
11:04:40,90614BC-0x5A,32.41,26.29,30.51,33.00,6895,-247,-8
11:04:41,90614BC-0x5A,32.37,26.27,29.65,33.00,6895,-245,-12
11:04:42,90614BC-0x5A,32.39,26.29,29.81,33.00,6895,-244,-12
11:04:43,90614BC-0x5A,32.33,26.27,29.75,33.00,6894,-245,-11
11:04:44,90614BC-0x5A,32.37,26.37,29.11,33.00,6895,-244,-15
11:04:45,90614BC-0x5A,32.35,26.29,29.73,33.00,6894,-245,-11
11:04:46,90614BC-0x5A,32.35,26.33,29.59,33.00,6894,-244,-12
11:04:47,90614BC-0x5A,32.31,26.27,29.97,33.00,6893,-243,-10
11:04:48,90614BC-0x5A,32.27,26.27,29.57,33.00,6892,-242,-12
11:04:49,90614BC-0x5A,32.27,26.25,29.75,33.00,6893,-243,-11
11:04:50,90614BC-0x5A,32.31,26.33,29.23,33.00,6894,-242,-14
11:04:51,90614BC-0x5A,32.31,26.39,29.47,33.00,6893,-241,-14
11:04:52,90614BC-0x5A,32.27,26.25,29.51,33.00,6892,-242,-12
11:04:53,90614BC-0x5A,32.27,26.29,29.45,33.00,6892,-243,-12
11:04:54,90614BC-0x5A,32.27,26.29,29.59,33.00,6892,-240,-12
11:04:55,90614BC-0x5A,32.19,26.31,29.47,33.00,6890,-243,-12
11:04:56,90614BC-0x5A,32.23,26.29,28.99,33.00,6890,-240,-14
11:04:57,90614BC-0x5A,32.21,26.39,28.23,33.00,6891,-237,-19
11:04:58,90614BC-0x5A,32.23,26.17,22.51,33.00,6891,-269,-40
11:04:59,90614BC-0x5A,32.23,26.31,21.15,33.00,6892,-259,-47
11:05:00,90614BC-0x5A,32.17,26.15,19.99,33.00,6890,-279,-49
11:05:01,90614BC-0x5A,32.13,26.33,17.27,33.00,6890,-275,-60
11:05:02,90614BC-0x5A,32.17,26.09,19.55,33.00,6890,-281,-50
11:05:03,90614BC-0x5A,32.09,26.19,14.97,33.00,6888,-289,-68
11:05:04,90614BC-0x5A,32.11,26.11,19.07,33.00,6889,-279,-52
11:05:05,90614BC-0x5A,32.11,26.09,16.67,33.00,6889,-287,-61
11:05:06,90614BC-0x5A,32.05,26.27,19.49,33.00,6887,-273,-50
11:05:07,90614BC-0x5A,32.07,26.23,21.29,33.00,6888,-263,-44
11:05:08,90614BC-0x5A,32.07,26.15,24.01,33.00,6888,-257,-33
11:05:09,90614BC-0x5A,32.01,26.25,24.55,33.00,6886,-249,-31
11:05:10,90614BC-0x5A,32.01,26.29,25.59,33.00,6887,-246,-30
11:05:11,90614BC-0x5A,31.99,26.19,26.05,33.00,6886,-248,-26
11:05:13,90614BC-0x5A,31.99,26.33,26.71,33.00,6886,-240,-22
11:05:14,90614BC-0x5A,31.97,26.29,26.87,33.00,6887,-242,-22
11:05:15,90614BC-0x5A,31.95,26.21,26.73,33.00,6885,-242,-22
11:05:16,90614BC-0x5A,31.97,26.27,26.85,33.00,6885,-239,-21
11:05:17,90614BC-0x5A,31.93,26.31,27.13,33.00,6885,-236,-20
11:05:18,90614BC-0x5A,31.95,26.27,27.15,33.00,6885,-238,-20
11:05:19,90614BC-0x5A,31.97,26.35,27.21,33.00,6886,-236,-19
11:05:20,90614BC-0x5A,31.87,26.25,26.87,33.00,6883,-236,-21
11:05:21,90614BC-0x5A,31.93,26.25,26.67,33.00,6885,-238,-22
11:05:22,90614BC-0x5A,31.93,26.35,26.85,33.00,6885,-234,-21
11:05:23,90614BC-0x5A,31.91,26.31,26.75,33.00,6884,-235,-22
11:05:24,90614BC-0x5A,31.89,26.29,27.13,33.00,6884,-234,-20
11:05:25,90614BC-0x5A,31.81,26.31,26.89,33.00,6882,-232,-22
11:05:26,90614BC-0x5A,31.87,26.31,27.01,33.00,6883,-233,-21
11:05:27,90614BC-0x5A,31.85,26.37,26.79,33.00,6883,-229,-22
11:05:28,90614BC-0x5A,31.81,26.35,27.75,33.00,6883,-230,-17
11:05:29,90614BC-0x5A,31.79,26.31,26.97,33.00,6882,-229,-21
11:05:30,90614BC-0x5A,31.83,26.35,27.15,33.00,6882,-229,-20
11:05:31,90614BC-0x5A,31.77,26.29,27.35,33.00,6881,-227,-18
11:05:32,90614BC-0x5A,31.77,26.29,27.15,33.00,6881,-229,-19
11:05:33,90614BC-0x5A,31.73,26.27,27.23,33.00,6880,-230,-19
11:05:34,90614BC-0x5A,31.75,26.41,26.53,33.00,6881,-224,-22
11:05:35,90614BC-0x5A,31.77,26.39,26.99,33.00,6881,-225,-20
11:05:36,90614BC-0x5A,31.73,26.29,27.27,33.00,6880,-227,-19
11:05:37,90614BC-0x5A,31.75,26.29,26.87,33.00,6881,-227,-21
11:05:38,90614BC-0x5A,31.75,26.23,27.69,33.00,6881,-227,-17
11:05:39,90614BC-0x5A,31.73,26.33,27.03,33.00,6880,-225,-19
