10:39:11,90614BC-0x5A,EEPROM:,'9993,'62E3,'0201,'F71C,'FFFF,'B775,'8BD1,'860A,'8085,'7BCE,'75B5,'DADA,'A8FC,'2075,'BE5A,'0A66,'B361,'8E53,'53E3,'0017,'0047,'1D0A,'00C1,'3506,'8002,'0000,'1C4C,'8011,'5811,'22AD,'928C,'E112
10:39:11,90614BC-0x5A,Ta [C],To [C],To2 [C],Tbody [C],RAM 3,RAM 4,RAM 5
10:39:11,90614BC-0x5A,25.51,26.13,25.45,33.00,6753,35,-2
10:39:12,90614BC-0x5A,25.69,26.15,25.73,33.00,6758,32,1
10:39:13,90614BC-0x5A,25.69,26.19,25.59,33.00,6758,31,0
10:39:14,90614BC-0x5A,25.67,26.21,25.75,33.00,6757,32,1
10:39:15,90614BC-0x5A,25.71,26.19,25.75,33.00,6758,33,1
10:39:16,90614BC-0x5A,25.67,26.19,25.31,33.00,6758,33,-2
10:39:17,90614BC-0x5A,25.67,26.17,25.55,33.00,6757,31,-1
10:39:18,90614BC-0x5A,25.65,26.17,25.65,33.00,6757,32,0
10:39:19,90614BC-0x5A,25.65,26.21,25.59,33.00,6757,34,0
10:39:20,90614BC-0x5A,25.63,26.21,25.57,33.00,6758,31,-1
10:39:21,90614BC-0x5A,25.65,26.17,25.57,33.00,6757,32,-1
10:39:22,90614BC-0x5A,25.69,26.25,25.59,33.00,6758,34,0
10:39:23,90614BC-0x5A,25.67,26.23,25.95,33.00,6758,33,2
10:39:24,90614BC-0x5A,25.67,26.21,25.51,33.00,6757,32,-1
10:39:25,90614BC-0x5A,25.47,26.27,25.61,33.00,6758,32,0
10:39:26,90614BC-0x5A,25.63,26.17,25.69,33.00,6756,34,0
10:39:27,90614BC-0x5A,25.67,26.11,25.73,33.00,6757,31,0
10:39:28,90614BC-0x5A,25.71,26.21,25.63,33.00,6758,31,0
10:39:29,90614BC-0x5A,25.67,26.23,25.57,33.00,6757,35,-1
10:39:30,90614BC-0x5A,25.67,26.21,25.49,33.00,6757,35,-1
10:39:31,90614BC-0x5A,25.63,26.19,25.67,33.00,6756,34,0
10:39:32,90614BC-0x5A,25.63,26.15,25.31,33.00,6756,33,-2
10:39:33,90614BC-0x5A,25.69,26.27,25.31,33.00,6758,34,-1
10:39:34,90614BC-0x5A,25.69,26.21,25.93,33.00,6758,33,2
10:39:36,90614BC-0x5A,25.65,26.15,25.47,33.00,6758,32,-2
10:39:37,90614BC-0x5A,25.45,26.05,25.53,33.00,6752,32,0
10:39:37,90614BC-0x5A,25.63,26.19,25.71,33.00,6756,33,1
10:39:38,90614BC-0x5A,25.63,26.17,25.79,33.00,6756,32,1
10:39:39,90614BC-0x5A,25.67,26.17,25.69,33.00,6757,33,0
10:39:41,90614BC-0x5A,25.65,26.15,25.63,33.00,6757,32,0
10:39:42,90614BC-0x5A,25.71,26.21,25.71,33.00,6757,34,0
10:39:43,90614BC-0x5A,25.67,26.23,25.39,33.00,6757,31,-2
10:39:44,90614BC-0x5A,25.69,26.25,25.59,33.00,6758,33,0
10:39:45,90614BC-0x5A,25.67,26.13,26.11,33.00,6757,32,3
10:39:46,90614BC-0x5A,25.63,26.21,25.65,33.00,6756,34,0
10:39:47,90614BC-0x5A,25.65,26.15,25.87,33.00,6757,33,2
10:39:48,90614BC-0x5A,25.71,26.21,25.59,33.00,6758,33,-1
10:39:49,90614BC-0x5A,25.65,26.25,25.09,33.00,6757,32,-4
10:39:50,90614BC-0x5A,25.65,26.21,25.75,33.00,6757,33,1
10:39:51,90614BC-0x5A,25.63,26.17,25.71,33.00,6756,32,-1
10:39:52,90614BC-0x5A,25.65,26.13,25.77,33.00,6757,31,0
10:39:53,90614BC-0x5A,25.69,26.21,25.69,33.00,6758,34,0
10:39:54,90614BC-0x5A,25.47,26.23,25.47,33.00,6757,34,-1
10:39:55,90614BC-0x5A,25.63,26.21,25.39,33.00,6756,33,-2
10:39:56,90614BC-0x5A,25.49,26.19,25.67,33.00,6757,35,0
10:39:57,90614BC-0x5A,25.65,26.13,25.81,33.00,6757,33,2
10:39:58,90614BC-0x5A,25.63,26.21,25.41,33.00,6757,34,-2
10:39:59,90614BC-0x5A,25.63,26.13,25.65,33.00,6756,32,0
10:40:00,90614BC-0x5A,25.67,26.21,25.45,33.00,6757,33,-1
10:40:01,90614BC-0x5A,25.67,26.21,25.25,33.00,6757,35,-2
10:40:02,90614BC-0x5A,25.61,26.15,25.75,33.00,6755,35,0
10:40:03,90614BC-0x5A,25.63,26.21,25.99,33.00,6756,34,-1
10:40:04,90614BC-0x5A,25.69,26.21,25.83,33.00,6758,34,1
10:40:05,90614BC-0x5A,25.61,26.19,25.57,33.00,6756,37,0
10:40:06,90614BC-0x5A,25.63,26.15,25.65,33.00,6757,34,0
10:40:07,90614BC-0x5A,25.63,26.15,25.51,33.00,6757,33,-1
10:40:08,90614BC-0x5A,25.67,26.21,25.71,33.00,6757,35,0
10:40:09,90614BC-0x5A,25.65,26.13,25.73,33.00,6757,32,0
10:40:10,90614BC-0x5A,25.67,26.25,25.59,33.00,6757,35,0
10:40:11,90614BC-0x5A,25.63,26.23,25.53,33.00,6756,35,0
10:40:12,90614BC-0x5A,25.65,26.17,25.57,33.00,6756,35,0
10:40:13,90614BC-0x5A,25.65,26.17,25.87,33.00,6757,34,2
10:40:14,90614BC-0x5A,25.65,26.21,25.55,33.00,6756,35,0
10:40:15,90614BC-0x5A,25.67,26.27,25.31,33.00,6757,35,-2
10:40:16,90614BC-0x5A,25.61,26.23,25.65,33.00,6755,35,0
10:40:17,90614BC-0x5A,25.61,26.13,25.89,33.00,6756,34,2
10:40:18,90614BC-0x5A,25.63,26.15,25.95,33.00,6756,35,2
10:40:19,90614BC-0x5A,25.63,26.17,25.75,33.00,6756,34,1
10:40:20,90614BC-0x5A,25.63,26.13,26.05,33.00,6756,34,3
10:40:21,90614BC-0x5A,25.65,26.19,25.63,33.00,6757,33,0
10:40:22,90614BC-0x5A,25.63,26.17,25.71,33.00,6756,33,1
10:40:23,90614BC-0x5A,25.45,26.01,25.61,33.00,6751,34,0
10:40:24,90614BC-0x5A,25.67,26.25,25.93,33.00,6758,35,2
10:40:25,90614BC-0x5A,25.65,26.13,28.03,33.00,6757,43,14
10:40:26,90614BC-0x5A,25.67,26.01,31.45,33.00,6757,61,34
10:40:27,90614BC-0x5A,25.71,25.89,35.63,33.00,6758,85,60
10:40:28,90614BC-0x5A,25.77,25.83,40.39,33.00,6759,112,91
10:40:29,90614BC-0x5A,25.85,25.69,44.19,33.00,6762,138,115
10:40:30,90614BC-0x5A,25.97,25.63,47.49,33.00,6764,157,138
10:40:31,90614BC-0x5A,26.03,25.53,50.71,33.00,6766,180,161
10:40:32,90614BC-0x5A,26.17,25.49,53.55,33.00,6768,190,181
10:40:33,90614BC-0x5A,26.29,25.45,56.15,33.00,6771,208,200
10:40:34,90614BC-0x5A,26.49,25.43,58.41,33.00,6776,217,217
10:40:35,90614BC-0x5A,26.57,25.39,60.19,33.00,6777,223,231
10:40:36,90614BC-0x5A,26.65,25.23,62.35,33.00,6779,226,248
10:40:37,90614BC-0x5A,26.85,25.25,64.19,33.00,6784,234,262
10:40:38,90614BC-0x5A,27.05,25.25,65.65,33.00,6788,240,273
10:40:39,90614BC-0x5A,27.25,25.21,66.99,33.00,6791,240,285
10:40:40,90614BC-0x5A,27.39,25.19,68.63,33.00,6796,242,298
10:40:41,90614BC-0x5A,27.53,25.25,70.03,33.00,6799,245,310
10:40:42,90614BC-0x5A,27.75,25.13,71.15,33.00,6804,238,319
10:40:43,90614BC-0x5A,27.91,25.17,72.07,33.00,6807,240,326
10:40:44,90614BC-0x5A,28.11,25.07,73.23,33.00,6812,238,336
10:40:45,90614BC-0x5A,28.29,25.05,74.15,33.00,6816,236,342
10:40:46,90614BC-0x5A,28.47,25.03,75.13,33.00,6820,234,351
10:40:47,90614BC-0x5A,28.67,24.99,75.91,33.00,6824,226,358
10:40:48,90614BC-0x5A,28.85,25.01,76.79,33.00,6829,225,366
10:40:49,90614BC-0x5A,29.07,24.97,77.71,33.00,6834,219,373
10:40:50,90614BC-0x5A,29.23,24.95,78.43,33.00,6837,214,379
10:40:51,90614BC-0x5A,29.27,24.75,79.37,33.00,6837,207,388
10:40:52,90614BC-0x5A,29.63,24.95,80.09,33.00,6846,204,393
10:40:53,90614BC-0x5A,29.81,24.89,80.71,33.00,6850,197,398
10:40:54,90614BC-0x5A,30.05,24.95,81.25,33.00,6856,190,402
10:40:55,90614BC-0x5A,30.15,24.87,81.93,33.00,6858,181,409
10:40:56,90614BC-0x5A,30.47,24.89,82.05,33.00,6864,167,408
10:40:57,90614BC-0x5A,30.63,25.03,80.29,33.00,6869,142,389
10:40:58,90614BC-0x5A,30.77,25.09,77.75,33.00,6872,100,362
10:40:59,90614BC-0x5A,30.93,25.33,74.63,33.00,6876,61,331
10:41:00,90614BC-0x5A,31.09,25.37,71.65,33.00,6879,23,303
10:41:01,90614BC-0x5A,31.13,25.43,68.51,33.00,6880,-17,274
10:41:02,90614BC-0x5A,31.11,25.47,65.87,33.00,6879,-50,250
10:41:03,90614BC-0x5A,31.35,25.63,63.09,33.00,6885,-79,226
10:41:04,90614BC-0x5A,31.43,25.69,60.75,33.00,6887,-107,206
10:41:05,90614BC-0x5A,31.43,25.73,58.81,33.00,6887,-129,191
10:41:06,90614BC-0x5A,31.53,25.89,56.47,33.00,6889,-148,171
10:41:07,90614BC-0x5A,31.59,25.85,55.21,33.00,6891,-168,162
10:41:08,90614BC-0x5A,31.43,25.75,53.39,33.00,6886,-186,148
10:41:09,90614BC-0x5A,31.67,25.99,51.81,33.00,6892,-197,135
10:41:10,90614BC-0x5A,31.69,26.01,50.59,33.00,6893,-211,126
10:41:11,90614BC-0x5A,31.69,25.97,49.59,33.00,6892,-223,119
10:41:12,90614BC-0x5A,31.71,26.01,48.35,33.00,6893,-234,110
10:41:13,90614BC-0x5A,31.71,26.01,47.11,33.00,6893,-242,100
10:41:14,90614BC-0x5A,31.71,26.05,46.21,33.00,6894,-250,94
10:41:15,90614BC-0x5A,31.69,26.05,45.63,33.00,6893,-258,90
10:41:16,90614BC-0x5A,31.75,26.11,44.61,33.00,6894,-263,83
10:41:18,90614BC-0x5A,31.75,26.15,44.15,33.00,6895,-270,78
10:41:19,90614BC-0x5A,31.71,26.05,43.09,33.00,6894,-277,72
10:41:19,90614BC-0x5A,31.71,26.07,42.83,33.00,6894,-283,71
10:41:21,90614BC-0x5A,31.73,26.15,41.79,33.00,6894,-287,64
10:41:22,90614BC-0x5A,31.79,26.19,41.25,33.00,6895,-291,61
10:41:23,90614BC-0x5A,31.69,26.15,40.81,33.00,6893,-298,58
10:41:24,90614BC-0x5A,31.73,26.17,40.11,33.00,6894,-303,53
10:41:25,90614BC-0x5A,31.69,26.13,39.53,33.00,6893,-306,49
10:41:26,90614BC-0x5A,31.73,26.19,39.35,33.00,6894,-306,48
10:41:27,90614BC-0x5A,31.69,26.15,38.95,33.00,6893,-314,46
10:41:28,90614BC-0x5A,31.79,26.23,38.47,33.00,6895,-314,42
10:41:29,90614BC-0x5A,31.71,26.17,38.31,33.00,6894,-318,42
10:41:30,90614BC-0x5A,31.67,26.15,37.75,33.00,6892,-318,38
10:41:31,90614BC-0x5A,31.71,26.15,37.47,33.00,6893,-323,36
10:41:32,90614BC-0x5A,31.71,26.23,36.83,33.00,6893,-325,32
10:41:33,90614BC-0x5A,31.71,26.17,36.87,33.00,6893,-325,32
10:41:34,90614BC-0x5A,31.69,26.23,35.95,33.00,6893,-328,26
10:41:35,90614BC-0x5A,31.71,26.21,36.05,33.00,6894,-330,28
10:41:36,90614BC-0x5A,31.69,26.23,35.59,33.00,6893,-331,25
10:41:37,90614BC-0x5A,31.63,26.15,35.51,33.00,6892,-334,24
10:41:38,90614BC-0x5A,31.63,26.21,34.95,33.00,6891,-334,20
10:41:39,90614BC-0x5A,31.61,26.15,34.53,33.00,6891,-335,18
10:41:40,90614BC-0x5A,31.65,26.21,34.65,33.00,6892,-339,18
10:41:41,90614BC-0x5A,31.57,26.21,33.93,33.00,6891,-338,14
10:41:42,90614BC-0x5A,31.63,26.13,34.25,33.00,6891,-341,16
10:41:43,90614BC-0x5A,31.59,26.17,33.75,33.00,6891,-343,13
10:41:44,90614BC-0x5A,31.61,26.17,33.71,33.00,6891,-341,14
10:41:45,90614BC-0x5A,31.61,26.29,33.01,33.00,6891,-342,9
10:41:46,90614BC-0x5A,31.55,26.25,32.69,33.00,6890,-344,7
10:41:47,90614BC-0x5A,31.59,26.17,32.87,33.00,6891,-349,8
10:41:48,90614BC-0x5A,31.57,26.21,32.91,33.00,6890,-345,9
10:41:49,90614BC-0x5A,31.55,26.21,32.39,33.00,6890,-347,6
10:41:50,90614BC-0x5A,31.53,26.19,32.37,33.00,6890,-348,5
10:41:51,90614BC-0x5A,31.49,26.21,31.99,33.00,6888,-349,3
10:41:52,90614BC-0x5A,31.51,26.19,32.09,33.00,6889,-348,5
10:41:53,90614BC-0x5A,31.29,25.99,31.81,33.00,6883,-351,3
10:41:54,90614BC-0x5A,31.47,26.43,29.77,33.00,6888,-344,-6
10:41:55,90614BC-0x5A,31.47,25.99,27.33,33.00,6888,-395,-25
10:41:56,90614BC-0x5A,31.47,26.37,28.05,33.00,6888,-364,-20
10:41:57,90614BC-0x5A,31.41,25.93,25.55,33.00,6886,-409,-34
10:41:58,90614BC-0x5A,31.43,26.01,27.27,33.00,6887,-387,-24
10:41:59,90614BC-0x5A,31.37,25.95,25.47,33.00,6886,-408,-35
10:42:00,90614BC-0x5A,31.39,26.03,26.05,33.00,6885,-401,-32
10:42:01,90614BC-0x5A,31.33,25.95,27.95,33.00,6885,-385,-20
10:42:02,90614BC-0x5A,31.37,26.29,28.79,33.00,6886,-356,-15
10:42:03,90614BC-0x5A,31.33,25.91,25.29,33.00,6885,-404,-36
10:42:04,90614BC-0x5A,31.37,26.27,24.43,33.00,6885,-390,-40
10:42:05,90614BC-0x5A,31.29,25.91,23.97,33.00,6884,-411,-42
10:42:06,90614BC-0x5A,31.31,26.05,26.75,33.00,6884,-387,-26
10:42:07,90614BC-0x5A,31.27,26.07,28.13,33.00,6885,-373,-19
10:42:08,90614BC-0x5A,31.25,26.07,28.55,33.00,6883,-366,-17
10:42:09,90614BC-0x5A,31.29,26.03,29.29,33.00,6884,-367,-12
10:42:10,90614BC-0x5A,31.27,26.15,28.63,33.00,6883,-361,-16
10:42:11,90614BC-0x5A,31.27,26.15,28.65,33.00,6884,-359,-16
10:42:12,90614BC-0x5A,31.29,26.17,28.75,33.00,6884,-360,-16
10:42:13,90614BC-0x5A,31.27,26.15,28.53,33.00,6883,-361,-17
10:42:14,90614BC-0x5A,31.23,26.09,28.09,33.00,6883,-359,-19
10:42:15,90614BC-0x5A,31.27,26.19,28.15,33.00,6884,-360,-19
10:42:16,90614BC-0x5A,31.23,26.21,28.27,33.00,6883,-360,-17
10:42:17,90614BC-0x5A,31.27,26.25,27.81,33.00,6884,-359,-20
10:42:18,90614BC-0x5A,31.19,26.15,27.89,33.00,6882,-359,-19
10:42:19,90614BC-0x5A,31.15,26.13,27.37,33.00,6881,-363,-23
10:42:20,90614BC-0x5A,31.19,26.21,27.23,33.00,6882,-360,-24
10:42:21,90614BC-0x5A,31.17,26.19,27.65,33.00,6882,-357,-21
10:42:22,90614BC-0x5A,31.17,26.21,27.05,33.00,6881,-362,-24
10:42:23,90614BC-0x5A,31.13,26.05,26.79,33.00,6881,-360,-25
10:42:24,90614BC-0x5A,31.15,26.21,27.01,33.00,6881,-361,-24
10:42:25,90614BC-0x5A,31.13,26.19,26.85,33.00,6880,-359,-26
10:42:26,90614BC-0x5A,31.13,26.19,26.79,33.00,6881,-360,-25
10:42:27,90614BC-0x5A,31.15,26.23,26.87,33.00,6881,-359,-25
10:42:28,90614BC-0x5A,31.13,26.29,26.87,33.00,6880,-357,-28
10:42:29,90614BC-0x5A,31.11,26.23,26.69,33.00,6880,-358,-26