10:52:17,90614BC-0x5A,EEPROM:,'9993,'62E3,'0201,'F71C,'FFFF,'B775,'E22A,'DCBC,'D309,'CBE7,'C327,'8600,'4B75,'2032,'BE5A,'0733,'D38F,'8E13,'53E3,'8016,'0005,'1D05,'00C1,'34E0,'0014,'0000,'1D4A,'8011,'F40F,'E5CA,'5003,'E140
10:52:17,90614BC-0x5A,Ta [C],To [C],To2 [C],Tbody [C],RAM 3,RAM 4,RAM 5
10:52:17,90614BC-0x5A,25.19,26.49,12.33,33.00,6727,8,-48
10:52:18,90614BC-0x5A,25.21,26.47,12.65,33.00,6727,6,-47
10:52:19,90614BC-0x5A,25.21,26.53,12.67,33.00,6728,10,-47
10:52:20,90614BC-0x5A,25.17,26.39,13.51,33.00,6727,5,-43
10:52:21,90614BC-0x5A,25.17,26.43,14.21,33.00,6727,11,-41
10:52:22,90614BC-0x5A,25.21,26.55,13.27,33.00,6728,10,-44
10:52:23,90614BC-0x5A,25.21,26.37,14.47,33.00,6728,10,-41
10:52:24,90614BC-0x5A,25.23,26.47,13.71,33.00,6728,10,-43
10:52:25,90614BC-0x5A,25.17,26.35,14.41,33.00,6727,8,-41
10:52:26,90614BC-0x5A,25.23,26.39,14.35,33.00,6728,13,-41
10:52:27,90614BC-0x5A,25.19,26.39,14.79,33.00,6727,11,-39
10:52:28,90614BC-0x5A,25.21,26.47,15.21,33.00,6728,15,-38
10:52:29,90614BC-0x5A,25.23,26.45,15.45,33.00,6728,14,-37
10:52:30,90614BC-0x5A,25.23,26.49,14.99,33.00,6728,13,-39
10:52:31,90614BC-0x5A,25.23,26.39,15.81,33.00,6728,12,-36
10:52:32,90614BC-0x5A,25.17,26.35,16.63,33.00,6727,14,-32
10:52:33,90614BC-0x5A,25.21,26.31,16.39,33.00,6728,13,-33
10:52:34,90614BC-0x5A,25.23,26.29,16.59,33.00,6728,12,-31
10:52:35,90614BC-0x5A,25.25,26.37,16.75,33.00,6729,15,-33
10:52:36,90614BC-0x5A,25.23,26.35,16.97,33.00,6728,17,-30
10:52:37,90614BC-0x5A,25.23,26.35,16.89,33.00,6728,16,-32
10:52:38,90614BC-0x5A,25.25,26.29,18.01,33.00,6729,15,-28
10:52:39,90614BC-0x5A,25.25,26.35,17.69,33.00,6729,18,-29
10:52:40,90614BC-0x5A,25.23,26.31,17.67,33.00,6728,18,-29
10:52:41,90614BC-0x5A,25.29,26.37,17.75,33.00,6730,20,-29
10:52:42,90614BC-0x5A,25.21,26.31,18.65,33.00,6728,19,-25
10:52:43,90614BC-0x5A,25.25,26.35,18.17,33.00,6728,20,-27
10:52:44,90614BC-0x5A,25.21,26.31,18.43,33.00,6727,19,-26
10:52:45,90614BC-0x5A,25.23,26.35,18.89,33.00,6729,20,-24
10:52:46,90614BC-0x5A,25.23,26.27,19.15,33.00,6728,20,-24
10:52:47,90614BC-0x5A,25.27,26.33,19.07,33.00,6729,21,-24
10:52:48,90614BC-0x5A,25.25,26.27,19.49,33.00,6729,19,-22
10:52:49,90614BC-0x5A,25.29,26.35,19.35,33.00,6729,21,-23
10:52:50,90614BC-0x5A,25.23,26.29,20.03,33.00,6728,21,-20
10:52:51,90614BC-0x5A,25.27,26.33,19.97,33.00,6729,22,-21
10:52:52,90614BC-0x5A,25.29,26.29,20.57,33.00,6730,23,-18
10:52:53,90614BC-0x5A,25.23,26.27,20.41,33.00,6728,20,-19
10:52:54,90614BC-0x5A,25.27,26.27,20.67,33.00,6729,22,-17
10:52:55,90614BC-0x5A,25.27,26.31,20.53,33.00,6729,22,-18
10:52:56,90614BC-0x5A,25.23,26.33,20.49,33.00,6728,25,-19
10:52:57,90614BC-0x5A,25.15,26.19,20.55,33.00,6725,23,-18
10:52:58,90614BC-0x5A,25.27,26.31,21.23,33.00,6729,24,-16
10:52:59,90614BC-0x5A,25.25,26.27,20.97,33.00,6729,24,-17
10:53:00,90614BC-0x5A,25.29,26.33,20.89,33.00,6730,24,-17
10:53:01,90614BC-0x5A,25.29,26.33,21.69,33.00,6730,25,-14
10:53:02,90614BC-0x5A,25.29,26.23,21.27,33.00,6729,22,-16
10:53:03,90614BC-0x5A,25.27,26.21,21.57,33.00,6728,24,-14
10:53:04,90614BC-0x5A,25.25,26.23,21.79,33.00,6729,24,-13
10:53:05,90614BC-0x5A,25.27,26.21,21.63,33.00,6729,25,-14
10:53:06,90614BC-0x5A,25.25,26.27,21.75,33.00,6728,23,-14
10:53:07,90614BC-0x5A,25.31,26.25,21.79,33.00,6730,24,-14
10:53:08,90614BC-0x5A,25.31,26.25,21.39,33.00,6730,24,-16
10:53:09,90614BC-0x5A,25.31,26.15,22.45,33.00,6729,24,-11
10:53:10,90614BC-0x5A,25.31,26.27,22.57,33.00,6730,26,-10
10:53:11,90614BC-0x5A,25.31,26.23,22.15,33.00,6730,25,-13
10:53:13,90614BC-0x5A,25.29,26.27,22.53,33.00,6730,27,-11
10:53:13,90614BC-0x5A,25.31,26.29,22.37,33.00,6730,26,-11
10:53:15,90614BC-0x5A,25.31,26.27,22.75,33.00,6730,28,-10
10:53:16,90614BC-0x5A,25.15,26.27,22.51,33.00,6725,28,-11
10:53:17,90614BC-0x5A,25.29,26.19,23.11,33.00,6729,27,-8
10:53:18,90614BC-0x5A,25.31,26.23,22.95,33.00,6730,25,-10
10:53:19,90614BC-0x5A,25.35,26.29,22.83,33.00,6731,28,-10
10:53:20,90614BC-0x5A,25.31,26.27,22.49,33.00,6730,28,-11
10:53:21,90614BC-0x5A,25.29,26.21,23.51,33.00,6730,28,-7
10:53:22,90614BC-0x5A,25.27,26.15,23.29,33.00,6729,28,-8
10:53:23,90614BC-0x5A,25.33,26.25,22.87,33.00,6731,29,-10
10:53:24,90614BC-0x5A,25.31,26.33,23.05,33.00,6730,31,-9
10:53:25,90614BC-0x5A,25.29,26.23,23.55,33.00,6729,29,-7
10:53:26,90614BC-0x5A,25.33,26.27,23.63,33.00,6731,29,-7
10:53:27,90614BC-0x5A,25.33,26.27,23.23,33.00,6730,29,-7
10:53:28,90614BC-0x5A,25.33,26.31,23.89,33.00,6731,32,-5
10:53:29,90614BC-0x5A,25.31,26.25,23.53,33.00,6731,28,-7
10:53:30,90614BC-0x5A,25.35,26.31,23.97,33.00,6731,30,-5
10:53:31,90614BC-0x5A,25.29,26.17,23.31,33.00,6729,30,-9
10:53:32,90614BC-0x5A,25.31,26.19,23.91,33.00,6730,26,-5
10:53:33,90614BC-0x5A,25.31,26.23,23.69,33.00,6730,30,-7
10:53:34,90614BC-0x5A,25.29,26.23,27.69,33.00,6730,41,10
10:53:35,90614BC-0x5A,25.31,26.05,35.37,33.00,6730,66,43
10:53:36,90614BC-0x5A,25.37,25.85,44.33,33.00,6731,96,86
10:53:37,90614BC-0x5A,25.25,25.87,52.55,33.00,6728,127,129
10:53:38,90614BC-0x5A,25.49,25.63,60.35,33.00,6734,161,173
10:53:39,90614BC-0x5A,25.57,25.51,66.99,33.00,6736,181,212
10:53:40,90614BC-0x5A,25.63,25.27,73.35,33.00,6737,213,254
10:53:41,90614BC-0x5A,25.81,25.25,78.69,33.00,6742,235,289
10:53:42,90614BC-0x5A,25.93,25.13,82.59,33.00,6744,254,317
10:53:43,90614BC-0x5A,26.03,25.03,86.73,33.00,6746,270,346
10:53:44,90614BC-0x5A,26.19,24.93,90.17,33.00,6750,280,373
10:53:45,90614BC-0x5A,26.31,24.83,93.21,33.00,6753,295,396
10:53:46,90614BC-0x5A,26.49,24.75,95.51,33.00,6757,305,413
10:53:47,90614BC-0x5A,26.63,24.75,98.05,33.00,6760,315,435
10:53:48,90614BC-0x5A,26.75,24.67,100.27,33.00,6763,323,453
10:53:49,90614BC-0x5A,26.91,24.53,102.37,33.00,6766,329,470
10:53:50,90614BC-0x5A,27.13,24.61,104.07,33.00,6771,334,486
10:53:51,90614BC-0x5A,27.23,24.53,105.59,33.00,6773,342,498
10:53:52,90614BC-0x5A,27.45,24.49,107.51,33.00,6778,344,515
10:53:53,90614BC-0x5A,27.63,24.45,108.81,33.00,6782,347,526
10:53:54,90614BC-0x5A,27.75,24.35,110.47,33.00,6785,350,541
10:53:55,90614BC-0x5A,27.99,24.35,111.41,33.00,6790,351,549
10:53:56,90614BC-0x5A,28.15,24.31,112.75,33.00,6794,352,561
10:53:57,90614BC-0x5A,28.33,24.21,113.81,33.00,6798,351,571
10:53:58,90614BC-0x5A,28.47,24.21,114.99,33.00,6801,353,582
10:53:59,90614BC-0x5A,28.65,24.15,116.09,33.00,6805,354,590
10:54:00,90614BC-0x5A,28.89,24.09,117.27,33.00,6810,352,603
10:54:01,90614BC-0x5A,29.03,24.07,118.07,33.00,6814,353,610
10:54:02,90614BC-0x5A,29.27,23.97,118.89,33.00,6819,350,617
10:54:03,90614BC-0x5A,29.39,24.01,118.19,33.00,6822,335,610
10:54:04,90614BC-0x5A,29.55,24.13,115.09,33.00,6825,304,576
10:54:05,90614BC-0x5A,29.71,24.31,111.37,33.00,6829,277,540
10:54:06,90614BC-0x5A,29.81,24.27,107.07,33.00,6832,237,500
10:54:07,90614BC-0x5A,29.95,24.51,102.61,33.00,6834,197,458
10:54:08,90614BC-0x5A,30.11,24.75,97.87,33.00,6838,167,417
10:54:09,90614BC-0x5A,30.17,24.75,92.61,33.00,6839,128,373
10:54:10,90614BC-0x5A,30.25,24.93,88.57,33.00,6841,100,342
10:54:11,90614BC-0x5A,30.31,25.13,84.39,33.00,6843,76,310
10:54:12,90614BC-0x5A,30.21,25.03,81.17,33.00,6839,52,287
10:54:13,90614BC-0x5A,30.35,25.13,77.73,33.00,6845,29,261
10:54:14,90614BC-0x5A,30.41,25.07,74.99,33.00,6845,8,243
10:54:15,90614BC-0x5A,30.45,25.31,72.17,33.00,6846,-3,224
10:54:16,90614BC-0x5A,30.47,25.37,69.39,33.00,6846,-17,206
10:54:17,90614BC-0x5A,30.47,25.31,67.37,33.00,6846,-33,193
10:54:18,90614BC-0x5A,30.47,25.33,65.09,33.00,6846,-41,178
10:54:19,90614BC-0x5A,30.55,25.41,63.29,33.00,6848,-51,168
10:54:20,90614BC-0x5A,30.53,25.43,61.85,33.00,6848,-61,159
10:54:21,90614BC-0x5A,30.53,25.43,60.55,33.00,6848,-68,152
10:54:22,90614BC-0x5A,30.57,25.49,58.77,33.00,6849,-74,140
10:54:23,90614BC-0x5A,30.61,25.57,57.47,33.00,6850,-79,132
10:54:24,90614BC-0x5A,30.61,25.51,56.47,33.00,6850,-91,127
10:54:25,90614BC-0x5A,30.57,25.57,55.09,33.00,6849,-92,119
10:54:26,90614BC-0x5A,30.59,25.61,53.95,33.00,6849,-96,114
10:54:27,90614BC-0x5A,30.61,25.63,53.09,33.00,6849,-100,109
10:54:28,90614BC-0x5A,30.57,25.59,52.51,33.00,6848,-105,106
10:54:29,90614BC-0x5A,30.57,25.65,51.65,33.00,6848,-107,102
10:54:30,90614BC-0x5A,30.61,25.61,50.73,33.00,6849,-113,96
10:54:31,90614BC-0x5A,30.57,25.61,49.59,33.00,6849,-114,90
10:54:32,90614BC-0x5A,30.57,25.75,48.87,33.00,6849,-115,86
10:54:33,90614BC-0x5A,30.55,25.75,47.65,33.00,6848,-120,80
10:54:34,90614BC-0x5A,30.57,25.69,47.57,33.00,6848,-122,80
10:54:35,90614BC-0x5A,30.55,25.71,47.07,33.00,6848,-125,76
10:54:36,90614BC-0x5A,30.57,25.75,46.27,33.00,6848,-126,73
10:54:37,90614BC-0x5A,30.53,25.71,45.55,33.00,6848,-127,69
10:54:38,90614BC-0x5A,30.53,25.83,44.99,33.00,6850,-132,67
10:54:39,90614BC-0x5A,30.49,25.69,44.45,33.00,6846,-132,64
10:54:40,90614BC-0x5A,30.55,25.85,44.01,33.00,6848,-130,62
10:54:41,90614BC-0x5A,30.51,25.83,43.43,33.00,6847,-132,59
10:54:42,90614BC-0x5A,30.49,25.75,43.23,33.00,6847,-137,59
10:54:43,90614BC-0x5A,30.49,25.73,42.85,33.00,6847,-139,57
10:54:44,90614BC-0x5A,30.51,25.85,41.65,33.00,6848,-140,51
10:54:45,90614BC-0x5A,30.53,25.85,41.85,33.00,6847,-141,51
10:54:46,90614BC-0x5A,30.49,25.89,41.29,33.00,6847,-140,49
10:54:47,90614BC-0x5A,30.49,25.83,40.71,33.00,6846,-143,46
10:54:48,90614BC-0x5A,30.47,25.89,40.03,33.00,6847,-142,43
10:54:49,90614BC-0x5A,30.39,25.79,39.91,33.00,6845,-146,43
10:54:50,90614BC-0x5A,30.41,25.91,38.67,33.00,6845,-146,36
10:54:51,90614BC-0x5A,30.39,25.93,39.59,33.00,6844,-146,42
10:54:52,90614BC-0x5A,30.41,25.97,38.21,33.00,6845,-147,35
10:54:53,90614BC-0x5A,30.39,25.79,38.89,33.00,6844,-149,39
10:54:54,90614BC-0x5A,30.41,25.87,38.21,33.00,6845,-151,35
10:54:55,90614BC-0x5A,30.39,25.89,37.85,33.00,6844,-147,35
10:54:57,90614BC-0x5A,30.41,25.89,36.85,33.00,6845,-151,27
10:54:57,90614BC-0x5A,30.37,25.91,37.65,33.00,6844,-149,33
10:54:58,90614BC-0x5A,30.37,25.93,36.93,33.00,6844,-151,29
10:55:00,90614BC-0x5A,30.35,25.91,37.09,33.00,6843,-151,30
10:55:00,90614BC-0x5A,30.41,25.87,37.25,33.00,6844,-151,31
10:55:02,90614BC-0x5A,30.37,25.95,36.39,33.00,6844,-153,27
10:55:03,90614BC-0x5A,30.37,25.99,36.13,33.00,6844,-153,25
10:55:04,90614BC-0x5A,30.37,25.99,36.03,33.00,6844,-153,25
10:55:05,90614BC-0x5A,30.39,25.93,35.57,33.00,6844,-155,23
10:55:06,90614BC-0x5A,30.37,25.97,36.25,33.00,6844,-156,27
10:55:07,90614BC-0x5A,30.27,25.95,35.57,33.00,6842,-156,24
10:55:08,90614BC-0x5A,30.31,26.05,34.85,33.00,6842,-154,20
10:55:09,90614BC-0x5A,30.31,26.07,35.11,33.00,6843,-153,22
10:55:10,90614BC-0x5A,30.33,26.01,34.59,33.00,6843,-153,19
10:55:11,90614BC-0x5A,30.27,26.01,34.55,33.00,6841,-154,19
10:55:12,90614BC-0x5A,30.33,26.11,33.95,33.00,6843,-156,16
10:55:13,90614BC-0x5A,30.23,25.97,33.95,33.00,6840,-157,17
10:55:14,90614BC-0x5A,30.31,26.05,33.95,33.00,6843,-156,16
10:55:15,90614BC-0x5A,30.27,26.03,32.85,33.00,6842,-159,11
10:55:16,90614BC-0x5A,30.25,26.01,33.33,33.00,6841,-157,14
10:55:17,90614BC-0x5A,30.19,25.97,33.61,33.00,6840,-157,15
10:55:18,90614BC-0x5A,30.21,25.99,32.91,33.00,6840,-156,12
10:55:19,90614BC-0x5A,30.23,25.99,33.19,33.00,6841,-157,12
10:55:20,90614BC-0x5A,30.21,26.01,33.09,33.00,6840,-156,13
10:55:21,90614BC-0x5A,30.19,25.93,32.67,33.00,6839,-160,11
10:55:22,90614BC-0x5A,30.25,26.13,32.55,33.00,6842,-154,10
10:55:23,90614BC-0x5A,30.05,25.89,32.13,33.00,6836,-156,9
10:55:24,90614BC-0x5A,30.19,26.09,32.71,33.00,6840,-156,11
10:55:25,90614BC-0x5A,30.17,26.11,31.81,33.00,6840,-156,7
10:55:26,90614BC-0x5A,30.11,26.01,31.95,33.00,6838,-154,8
10:55:27,90614BC-0x5A,30.17,26.09,31.75,33.00,6839,-158,7
10:55:28,90614BC-0x5A,30.15,26.13,31.43,33.00,6839,-155,5
10:55:29,90614BC-0x5A,30.15,26.09,31.49,33.00,6839,-155,8
10:55:30,90614BC-0x5A,30.17,26.13,31.67,33.00,6839,-156,7
10:55:31,90614BC-0x5A,30.13,26.11,31.39,33.00,6839,-158,6
10:55:32,90614BC-0x5A,30.15,26.01,31.13,33.00,6839,-159,4
10:55:33,90614BC-0x5A,30.13,26.03,31.31,33.00,6838,-159,5
10:55:34,90614BC-0x5A,30.09,25.97,31.43,33.00,6838,-157,6
10:55:35,90614BC-0x5A,30.15,26.09,30.89,33.00,6839,-160,3
10:55:36,90614BC-0x5A,29.93,26.07,30.65,33.00,6833,-157,3
10:55:37,90614BC-0x5A,30.07,26.01,30.47,33.00,6837,-159,2
10:55:38,90614BC-0x5A,30.09,26.09,30.35,33.00,6838,-157,3
10:55:39,90614BC-0x5A,30.05,26.03,30.11,33.00,6836,-156,-1
10:55:40,90614BC-0x5A,30.07,26.03,30.33,33.00,6837,-159,2
10:55:41,90614BC-0x5A,30.01,25.95,30.57,33.00,6836,-157,3
10:55:42,90614BC-0x5A,30.03,26.07,30.43,33.00,6836,-158,2
10:55:43,90614BC-0x5A,30.03,26.03,30.17,33.00,6836,-159,1
10:55:44,90614BC-0x5A,30.09,26.03,30.35,33.00,6838,-160,2
10:55:45,90614BC-0x5A,30.01,26.05,30.03,33.00,6836,-158,0
10:55:46,90614BC-0x5A,30.03,26.13,29.97,33.00,6836,-159,-2
10:55:47,90614BC-0x5A,29.97,26.07,29.67,33.00,6835,-159,-2
10:55:48,90614BC-0x5A,30.05,26.15,29.29,33.00,6837,-159,-4
10:55:49,90614BC-0x5A,30.03,26.05,29.19,33.00,6836,-160,-4
10:55:50,90614BC-0x5A,30.05,26.11,29.65,33.00,6837,-159,-2
10:55:51,90614BC-0x5A,30.01,26.19,29.65,33.00,6836,-156,-1
10:55:52,90614BC-0x5A,29.99,26.11,28.89,33.00,6835,-159,-5
10:55:53,90614BC-0x5A,29.97,26.11,29.31,33.00,6835,-158,-3
10:55:54,90614BC-0x5A,29.99,26.17,29.05,33.00,6835,-157,-4
10:55:55,90614BC-0x5A,29.95,26.07,29.57,33.00,6833,-157,-2
10:55:56,90614BC-0x5A,29.95,26.01,28.79,33.00,6834,-160,-6
10:55:57,90614BC-0x5A,29.89,26.15,29.21,33.00,6834,-154,-4
10:55:58,90614BC-0x5A,29.93,26.15,28.61,33.00,6834,-158,-6
10:55:59,90614BC-0x5A,29.95,26.13,28.59,33.00,6835,-155,-6
10:56:00,90614BC-0x5A,29.97,26.17,29.33,33.00,6835,-155,-3
10:56:01,90614BC-0x5A,29.93,26.11,29.25,33.00,6834,-157,-3
10:56:02,90614BC-0x5A,29.93,26.19,29.21,33.00,6834,-155,-6
10:56:03,90614BC-0x5A,29.87,26.07,29.07,33.00,6833,-157,-5
10:56:04,90614BC-0x5A,29.95,26.11,29.51,33.00,6835,-155,-2
10:56:05,90614BC-0x5A,29.91,26.11,28.97,33.00,6833,-154,-5
10:56:06,90614BC-0x5A,29.87,26.11,28.73,33.00,6833,-155,-6
10:56:07,90614BC-0x5A,29.83,26.07,28.75,33.00,6832,-156,-5
10:56:08,90614BC-0x5A,29.85,26.15,28.91,33.00,6832,-152,-4
10:56:09,90614BC-0x5A,29.87,26.09,29.03,33.00,6833,-157,-7
10:56:10,90614BC-0x5A,29.87,26.15,28.53,33.00,6833,-152,-6
10:56:11,90614BC-0x5A,29.87,26.15,28.33,33.00,6832,-154,-7
10:56:12,90614BC-0x5A,29.79,26.01,28.79,33.00,6828,-153,-4
10:56:13,90614BC-0x5A,29.87,26.19,28.29,33.00,6833,-154,-8
10:56:14,90614BC-0x5A,29.85,26.13,28.39,33.00,6832,-152,-7
10:56:15,90614BC-0x5A,29.83,26.11,28.97,33.00,6831,-152,-4
10:56:16,90614BC-0x5A,29.81,26.13,28.33,33.00,6831,-153,-7
10:56:17,90614BC-0x5A,29.83,26.09,28.53,33.00,6832,-153,-6
10:56:18,90614BC-0x5A,29.83,26.15,28.39,33.00,6831,-155,-7
10:56:19,90614BC-0x5A,29.83,26.15,28.23,33.00,6831,-153,-7
10:56:20,90614BC-0x5A,29.79,26.13,28.23,33.00,6830,-152,-7
10:56:21,90614BC-0x5A,29.81,26.11,28.39,33.00,6830,-152,-6
10:56:22,90614BC-0x5A,29.79,26.17,28.33,33.00,6832,-152,-7
10:56:23,90614BC-0x5A,29.79,26.09,28.57,33.00,6831,-151,-5
10:56:24,90614BC-0x5A,29.83,26.13,27.97,33.00,6831,-153,-9
10:56:25,90614BC-0x5A,29.75,26.19,27.57,33.00,6830,-151,-11
10:56:26,90614BC-0x5A,29.77,26.25,28.05,33.00,6831,-151,-7
10:56:27,90614BC-0x5A,29.75,26.11,28.19,33.00,6830,-151,-6
10:56:28,90614BC-0x5A,29.73,26.13,27.97,33.00,6829,-151,-8
10:56:29,90614BC-0x5A,29.73,26.15,27.63,33.00,6830,-150,-10
10:56:30,90614BC-0x5A,29.75,26.23,27.85,33.00,6831,-150,-8
10:56:31,90614BC-0x5A,29.71,26.17,27.19,33.00,6830,-150,-12
10:56:32,90614BC-0x5A,29.71,26.19,27.59,33.00,6829,-149,-10
10:56:33,90614BC-0x5A,29.71,26.11,27.71,33.00,6829,-151,-9
10:56:34,90614BC-0x5A,29.73,26.15,27.83,33.00,6830,-150,-8
10:56:35,90614BC-0x5A,29.71,26.17,27.65,33.00,6829,-150,-9
10:56:36,90614BC-0x5A,29.71,26.19,27.53,33.00,6829,-149,-10
10:56:37,90614BC-0x5A,29.71,26.15,27.39,33.00,6829,-150,-10
10:56:38,90614BC-0x5A,29.69,26.15,28.03,33.00,6829,-148,-7
10:56:39,90614BC-0x5A,29.71,26.13,27.37,33.00,6829,-150,-10
10:56:41,90614BC-0x5A,29.65,26.09,27.85,33.00,6827,-148,-8
10:56:41,90614BC-0x5A,29.65,26.21,27.33,33.00,6827,-147,-11
10:56:43,90614BC-0x5A,29.71,26.15,28.05,33.00,6829,-148,-7
10:56:44,90614BC-0x5A,29.65,26.09,27.47,33.00,6827,-150,-10
10:56:45,90614BC-0x5A,29.65,26.15,27.69,33.00,6828,-147,-9
10:56:46,90614BC-0x5A,29.63,26.05,27.77,33.00,6828,-149,-8
10:56:47,90614BC-0x5A,29.63,26.09,27.57,33.00,6827,-148,-9
10:56:48,90614BC-0x5A,29.63,26.11,27.69,33.00,6827,-148,-9
10:56:49,90614BC-0x5A,29.63,26.21,26.91,33.00,6827,-148,-12
10:56:50,90614BC-0x5A,29.65,26.17,27.71,33.00,6826,-147,-8
10:56:51,90614BC-0x5A,29.61,26.15,27.53,33.00,6827,-146,-9
10:56:52,90614BC-0x5A,29.63,26.21,27.07,33.00,6827,-146,-12
10:56:53,90614BC-0x5A,29.63,26.27,27.09,33.00,6827,-142,-11
10:56:54,90614BC-0x5A,29.61,26.13,27.69,33.00,6826,-146,-8
10:56:55,90614BC-0x5A,29.61,26.17,27.57,33.00,6827,-146,-9
10:56:56,90614BC-0x5A,29.61,26.15,27.21,33.00,6827,-145,-11
10:56:57,90614BC-0x5A,29.59,26.13,27.91,33.00,6826,-146,-7
10:56:58,90614BC-0x5A,29.59,26.15,27.47,33.00,6826,-143,-10
10:56:59,90614BC-0x5A,29.59,26.21,27.39,33.00,6826,-143,-9
10:57:00,90614BC-0x5A,29.57,26.13,27.53,33.00,6826,-145,-8
10:57:01,90614BC-0x5A,29.55,26.15,27.49,33.00,6825,-145,-9
10:57:02,90614BC-0x5A,29.59,26.17,27.47,33.00,6826,-142,-10
10:57:03,90614BC-0x5A,29.53,26.13,27.63,33.00,6825,-143,-8
10:57:04,90614BC-0x5A,29.59,26.11,27.41,33.00,6826,-145,-10
10:57:05,90614BC-0x5A,29.51,26.19,27.03,33.00,6825,-143,-10
10:57:06,90614BC-0x5A,29.49,26.15,27.01,33.00,6824,-143,-11
10:57:07,90614BC-0x5A,29.59,26.17,27.37,33.00,6826,-144,-10
10:57:08,90614BC-0x5A,29.57,26.15,26.99,33.00,6826,-144,-11
10:57:09,90614BC-0x5A,29.55,26.21,26.83,33.00,6826,-143,-11
10:57:10,90614BC-0x5A,29.51,26.15,27.17,33.00,6825,-143,-10
10:57:11,90614BC-0x5A,29.51,26.11,27.75,33.00,6824,-143,-7
10:57:12,90614BC-0x5A,29.51,26.25,27.23,33.00,6825,-140,-10
10:57:13,90614BC-0x5A,29.49,26.13,27.01,33.00,6824,-143,-11
10:57:14,90614BC-0x5A,29.47,26.21,26.45,33.00,6823,-140,-13
10:57:15,90614BC-0x5A,29.51,26.25,27.67,33.00,6824,-139,-7
10:57:16,90614BC-0x5A,29.47,26.13,27.25,33.00,6824,-141,-10
10:57:17,90614BC-0x5A,29.43,26.15,26.63,33.00,6822,-141,-12
10:57:18,90614BC-0x5A,29.51,26.17,27.19,33.00,6824,-141,-10
10:57:19,90614BC-0x5A,29.47,26.23,27.79,33.00,6824,-136,-7
10:57:20,90614BC-0x5A,29.49,26.23,27.79,33.00,6824,-138,-9
10:57:21,90614BC-0x5A,29.47,26.19,27.37,33.00,6824,-139,-10
10:57:22,90614BC-0x5A,29.43,26.17,27.49,33.00,6822,-140,-8
10:57:23,90614BC-0x5A,29.47,26.17,27.41,33.00,6824,-139,-8
10:57:24,90614BC-0x5A,29.43,26.11,26.91,33.00,6823,-140,-12
10:57:25,90614BC-0x5A,29.45,26.13,27.09,33.00,6823,-140,-11
10:57:26,90614BC-0x5A,29.47,26.25,27.25,33.00,6824,-137,-9
10:57:27,90614BC-0x5A,29.37,26.17,27.39,33.00,6821,-137,-8
10:57:28,90614BC-0x5A,29.43,26.27,27.15,33.00,6822,-137,-9
10:57:29,90614BC-0x5A,29.41,26.21,27.23,33.00,6822,-138,-10
10:57:30,90614BC-0x5A,29.45,26.21,26.77,33.00,6823,-140,-12
10:57:31,90614BC-0x5A,29.41,26.15,27.19,33.00,6822,-139,-9
10:57:32,90614BC-0x5A,29.39,26.25,26.47,33.00,6822,-136,-12
10:57:33,90614BC-0x5A,29.37,26.19,26.77,33.00,6822,-137,-12
10:57:34,90614BC-0x5A,29.39,26.17,27.13,33.00,6822,-137,-10
10:57:35,90614BC-0x5A,29.41,26.21,27.13,33.00,6822,-136,-10
10:57:36,90614BC-0x5A,29.33,26.19,27.39,33.00,6820,-136,-8
10:57:37,90614BC-0x5A,29.33,26.15,27.19,33.00,6820,-138,-11
10:57:38,90614BC-0x5A,29.35,26.21,26.61,33.00,6821,-136,-12
10:57:39,90614BC-0x5A,29.35,26.11,27.67,33.00,6821,-135,-7
10:57:40,90614BC-0x5A,29.37,26.15,26.77,33.00,6821,-137,-12
10:57:41,90614BC-0x5A,29.29,26.17,27.03,33.00,6819,-134,-10
10:57:42,90614BC-0x5A,29.33,26.19,26.75,33.00,6820,-136,-11
10:57:43,90614BC-0x5A,29.35,26.17,26.69,33.00,6821,-136,-11
10:57:44,90614BC-0x5A,29.33,26.17,26.69,33.00,6821,-136,-12
10:57:45,90614BC-0x5A,29.25,26.21,26.79,33.00,6818,-134,-11
10:57:46,90614BC-0x5A,29.27,26.15,27.05,33.00,6819,-132,-9
10:57:47,90614BC-0x5A,29.31,26.15,26.95,33.00,6820,-135,-10
10:57:48,90614BC-0x5A,29.31,26.17,27.41,33.00,6820,-132,-8
10:57:49,90614BC-0x5A,29.27,26.11,27.11,33.00,6819,-134,-10
10:57:50,90614BC-0x5A,29.31,26.19,27.17,33.00,6820,-133,-9
10:57:51,90614BC-0x5A,29.27,26.17,26.93,33.00,6819,-132,-11
10:57:52,90614BC-0x5A,29.25,26.17,27.09,33.00,6819,-133,-9
10:57:53,90614BC-0x5A,29.29,26.23,27.23,33.00,6819,-131,-9
10:57:54,90614BC-0x5A,29.31,26.23,26.73,33.00,6820,-133,-11
10:57:55,90614BC-0x5A,29.25,26.17,27.09,33.00,6818,-131,-10
10:57:56,90614BC-0x5A,29.25,26.15,27.09,33.00,6819,-134,-9
10:57:57,90614BC-0x5A,29.31,26.25,27.29,33.00,6820,-130,-8
10:57:58,90614BC-0x5A,29.23,26.15,27.57,33.00,6818,-129,-7
10:57:59,90614BC-0x5A,29.27,26.17,27.11,33.00,6819,-131,-9
10:58:00,90614BC-0x5A,29.25,26.21,27.51,33.00,6819,-130,-7
10:58:01,90614BC-0x5A,29.29,26.17,27.23,33.00,6819,-132,-9
10:58:02,90614BC-0x5A,29.23,26.25,26.83,33.00,6818,-128,-10
10:58:03,90614BC-0x5A,29.23,26.21,26.71,33.00,6818,-130,-11
10:58:04,90614BC-0x5A,29.25,26.01,22.29,33.00,6819,-153,-28
10:58:05,90614BC-0x5A,29.23,26.13,22.55,33.00,6818,-147,-28
10:58:06,90614BC-0x5A,29.21,25.93,18.85,33.00,6818,-166,-41
10:58:07,90614BC-0x5A,29.21,26.05,20.49,33.00,6818,-157,-35
10:58:08,90614BC-0x5A,29.23,26.13,18.67,33.00,6818,-159,-43
10:58:09,90614BC-0x5A,29.17,25.95,18.75,33.00,6817,-166,-41
10:58:10,90614BC-0x5A,29.19,26.23,20.65,33.00,6817,-148,-35
10:58:11,90614BC-0x5A,29.17,25.99,17.15,33.00,6817,-171,-47
10:58:12,90614BC-0x5A,29.15,25.97,20.55,33.00,6816,-159,-34
10:58:13,90614BC-0x5A,29.13,25.91,16.29,33.00,6817,-174,-50
10:58:14,90614BC-0x5A,29.13,26.03,19.69,33.00,6816,-158,-37
10:58:15,90614BC-0x5A,29.15,26.11,21.79,33.00,6816,-147,-30
10:58:16,90614BC-0x5A,29.15,26.01,23.41,33.00,6817,-142,-23
10:58:17,90614BC-0x5A,29.11,26.23,23.59,33.00,6815,-136,-23
10:58:18,90614BC-0x5A,29.11,26.05,24.63,33.00,6816,-140,-19
10:58:19,90614BC-0x5A,29.07,26.13,24.47,33.00,6814,-136,-20
10:58:20,90614BC-0x5A,29.11,26.13,25.71,33.00,6815,-133,-14
10:58:21,90614BC-0x5A,29.13,26.25,24.79,33.00,6816,-131,-18
10:58:22,90614BC-0x5A,29.11,26.27,25.25,33.00,6815,-129,-16
10:58:23,90614BC-0x5A,29.11,26.21,25.79,33.00,6816,-128,-14
10:58:24,90614BC-0x5A,29.07,26.17,25.35,33.00,6814,-130,-16
10:58:25,90614BC-0x5A,29.09,26.21,25.63,33.00,6815,-128,-15
10:58:26,90614BC-0x5A,29.07,26.25,25.75,33.00,6814,-128,-14
10:58:27,90614BC-0x5A,29.01,26.09,25.39,33.00,6813,-131,-16
10:58:29,90614BC-0x5A,29.07,26.21,25.39,33.00,6814,-128,-15
10:58:29,90614BC-0x5A,29.07,26.03,25.91,33.00,6814,-130,-10
10:58:31,90614BC-0x5A,29.01,26.21,25.93,33.00,6813,-126,-12
10:58:31,90614BC-0x5A,29.03,26.17,25.71,33.00,6814,-126,-14
10:58:33,90614BC-0x5A,29.03,26.13,25.71,33.00,6812,-126,-14
10:58:34,90614BC-0x5A,29.03,26.27,25.53,33.00,6814,-122,-15
10:58:34,90614BC-0x5A,29.01,26.13,25.11,33.00,6813,-124,-17
10:58:36,90614BC-0x5A,29.01,26.17,26.31,33.00,6813,-124,-11
10:58:36,90614BC-0x5A,29.03,26.13,25.79,33.00,6813,-127,-14
10:58:38,90614BC-0x5A,29.01,26.21,25.47,33.00,6813,-125,-16
10:58:39,90614BC-0x5A,28.95,26.17,25.99,33.00,6811,-124,-12
10:58:40,90614BC-0x5A,29.01,26.21,26.01,33.00,6813,-121,-12
10:58:41,90614BC-0x5A,28.97,26.23,26.39,33.00,6812,-120,-11
10:58:42,90614BC-0x5A,28.97,26.17,25.45,33.00,6812,-123,-15
