"t","Ta","To","To2","T"
11:20:06,28.35,26.27,28.39,24.612492
11:20:07,28.19,26.21,28.29,24.612457
11:20:08,28.33,26.27,28.19,24.612424
11:20:09,28.43,26.27,28.27,24.612394
11:20:10,28.33,26.17,28.27,24.612358
11:20:11,28.33,26.27,28.17,24.612321
11:20:12,28.35,26.27,28.37,24.612294
11:20:13,28.33,26.25,28.37,24.612256
11:20:14,28.35,26.29,27.85,24.61223
11:20:15,28.29,26.29,27.41,24.612196
11:20:16,28.31,26.27,28.19,24.612166
11:20:17,28.35,26.31,27.71,24.612137
11:20:18,28.33,26.33,27.63,24.612111
11:20:19,28.33,26.27,27.47,24.612089
11:20:20,28.33,26.33,26.89,24.61207
11:20:21,28.29,26.29,27.37,24.612043
11:20:22,28.31,26.21,27.65,24.612029
11:20:23,28.29,26.25,27.63,24.612006
11:20:24,28.27,26.21,27.15,24.61198
11:20:25,28.29,26.29,27.19,24.611962
11:20:26,28.29,26.27,27.29,24.611938
11:20:27,28.31,26.33,27.05,24.611925
11:20:28,28.23,26.23,27.17,24.611907
11:20:29,28.27,26.25,27.37,24.6119
11:20:30,28.13,26.19,26.91,24.6119
11:20:31,28.27,26.27,27.23,24.611902
11:20:32,28.23,26.27,26.91,24.611903
11:20:33,28.11,26.19,26.77,24.611903
11:20:34,28.27,26.27,26.59,24.611901
11:20:35,28.27,26.33,26.71,24.61191
11:20:36,28.29,26.21,26.57,24.611918
11:20:37,28.29,26.35,26.95,24.611933
11:20:38,28.25,26.23,26.85,24.611936
11:20:39,28.25,26.27,26.77,24.611947
11:20:40,28.23,26.23,27.53,24.611962
11:20:41,28.21,26.23,26.97,24.611984
11:20:42,28.23,26.29,27.17,24.612004
11:20:43,28.21,26.31,26.19,24.612032
11:20:44,28.23,26.31,27.19,24.612045
11:20:45,28.21,26.31,26.45,24.612076
11:20:46,28.21,26.35,26.69,24.612099
11:20:47,28.17,26.23,27.13,24.612133
11:20:48,28.21,26.31,26.75,24.612163
11:20:49,28.13,26.19,26.83,24.612194
11:20:50,28.21,26.23,27.41,24.612227
11:20:51,28.13,26.27,27.03,24.612269
11:20:52,28.19,26.25,26.43,24.612304
11:20:53,28.21,26.29,26.51,24.612348
11:20:54,28.19,26.25,25.97,24.612396
11:20:55,28.17,26.25,26.13,24.612445
11:20:56,28.17,26.33,26.13,24.612499
11:20:57,28.17,26.29,26.65,24.612542
11:20:58,28.11,26.29,26.37,24.612596
11:20:59,28.11,26.25,26.39,24.612632
11:21:00,28.15,26.31,26.17,24.612679
11:21:01,28.13,26.35,26.63,24.612725
11:21:02,28.09,26.31,26.31,24.612774
11:21:03,28.13,26.27,25.71,24.612826
11:21:04,28.11,26.31,25.89,24.612887
11:21:05,28.15,26.27,26.43,24.612931
11:21:06,28.11,26.23,26.37,24.612981
11:21:07,28.09,26.35,25.89,24.613026
11:21:08,28.05,26.15,29.71,24.613081
11:21:09,28.13,25.89,35.53,24.613133
11:21:10,28.15,25.57,44.93,24.613187
11:21:11,28.19,25.33,52.53,24.613233
11:21:12,28.27,24.99,59.45,24.613278
11:21:13,28.37,24.87,65.55,24.613323
11:21:14,28.31,24.59,70.43,24.613377
11:21:15,28.59,24.47,75.09,24.613435
11:21:16,28.67,24.35,79.15,24.613487
11:21:17,28.81,24.13,82.65,24.613536
11:21:18,28.95,24.03,85.61,24.613582
11:21:19,29.07,23.91,87.73,24.613624
11:21:20,29.21,23.91,90.49,24.613668
11:21:21,29.35,23.79,91.95,24.613714
11:21:22,29.55,23.67,93.79,24.613758
11:21:23,29.59,23.51,95.21,24.613795
11:21:24,29.73,23.47,96.71,24.613835
11:21:25,29.91,23.51,97.67,24.613869
11:21:26,30.11,23.45,98.47,24.613911
11:21:27,30.29,23.41,99.71,24.613952
11:21:28,30.39,23.33,100.53,24.613987
11:21:29,30.61,23.27,101.37,24.614025
11:21:30,30.71,23.31,102.19,24.614057
11:21:31,30.93,23.29,102.89,24.614092
11:21:32,31.05,23.25,103.59,24.614125
11:21:34,31.23,23.27,104.27,24.614169
11:21:36,31.53,23.05,105.73,24.614218
11:21:38,31.81,23.05,106.69,24.614259
11:21:39,31.99,23.03,107.35,24.614273
11:21:40,32.11,22.97,108.15,24.614286
11:21:41,32.31,22.97,107.33,24.614305
11:21:42,32.41,23.27,104.55,24.614315
11:21:43,32.59,23.57,100.51,24.614333
11:21:44,32.63,23.81,96.53,24.61434
11:21:45,32.77,24.17,92.03,24.61434
11:21:46,32.87,24.35,87.13,24.614342
11:21:47,32.95,24.55,83.49,24.614342
11:21:48,32.97,24.61,79.57,24.61434
11:21:49,33.01,24.83,75.63,24.614342
11:21:50,33.07,24.93,72.73,24.614338
11:21:51,33.05,25.05,69.77,24.614322
11:21:52,33.11,25.03,67.33,24.614307
11:21:53,33.13,25.25,64.53,24.614294
11:21:54,33.13,25.23,62.09,24.614281
11:21:55,33.17,25.31,60.61,24.614264
11:21:56,33.15,25.39,58.31,24.61424
11:21:57,33.17,25.43,57.07,24.614218
11:21:58,33.19,25.47,55.33,24.614191
11:21:59,33.15,25.49,54.59,24.61416
11:22:00,33.19,25.61,52.71,24.614139
11:22:01,33.17,25.65,51.73,24.614115
11:22:02,33.19,25.61,50.85,24.614083
11:22:03,33.13,25.57,49.57,24.614052
11:22:04,33.13,25.61,48.73,24.614031
11:22:05,33.15,25.69,48.51,24.613999
11:22:06,33.15,25.65,47.19,24.61396
11:22:07,33.13,25.71,45.93,24.613926
11:22:08,33.15,25.73,45.83,24.613896
11:22:09,33.13,25.81,44.75,24.613863
11:22:10,33.11,25.79,44.07,24.613843
11:22:11,33.07,25.83,43.21,24.613811
11:22:12,33.13,25.89,43.53,24.613783
11:22:13,33.07,25.73,42.73,24.613741
11:22:14,33.07,25.89,42.83,24.613707
11:22:15,32.91,25.93,41.79,24.613673
11:22:16,33.03,25.97,40.65,24.613637
11:22:17,32.99,25.85,40.23,24.613592
11:22:18,32.97,25.93,39.95,24.613562
11:22:19,32.97,25.83,40.13,24.613518
11:22:20,32.97,25.99,38.97,24.613474
11:22:21,32.97,25.99,38.89,24.613442
11:22:22,32.99,25.99,38.53,24.613397
11:22:23,32.93,25.93,38.19,24.61336
11:22:24,32.91,25.89,37.47,24.613325
11:22:25,32.93,25.93,37.33,24.613287
11:22:26,32.91,25.91,37.51,24.613248
11:22:27,32.87,26.01,36.21,24.613204
11:22:28,32.93,26.05,36.35,24.613169
11:22:29,32.83,25.99,35.85,24.613142
11:22:30,32.81,25.97,35.33,24.613095
11:22:31,32.87,25.97,35.61,24.613051
11:22:32,32.83,26.07,35.29,24.613019
11:22:33,32.83,26.05,34.71,24.612975
11:22:34,32.79,25.99,34.27,24.612933
11:22:35,32.81,26.05,34.69,24.612895
11:22:36,32.81,26.11,33.91,24.612853
11:22:37,32.75,26.09,33.75,24.612814
11:22:38,32.69,25.97,33.69,24.612776
11:22:39,32.71,25.93,33.75,24.612735
11:22:40,32.73,26.05,32.73,24.612682
11:22:41,32.69,26.01,33.61,24.612636
11:22:42,32.69,26.09,32.81,24.612594
11:22:43,32.67,26.03,32.77,24.612558
11:22:44,32.63,26.03,32.65,24.612514
11:22:45,32.67,26.09,32.65,24.612465
11:22:46,32.59,25.99,31.63,24.612426
11:22:47,32.67,26.19,32.43,24.612386
11:22:48,32.65,26.09,32.49,24.612349
11:22:49,32.65,26.13,31.75,24.612318
11:22:50,32.57,26.11,31.67,24.612293
11:22:51,32.59,26.17,30.99,24.61225
11:22:52,32.61,26.11,31.85,24.612228
11:22:53,32.57,26.19,31.33,24.612196
11:22:54,32.57,26.15,30.61,24.612159
11:22:55,32.51,26.15,30.45,24.612127
11:22:56,32.51,26.13,30.33,24.612097
11:22:57,32.51,26.19,30.85,24.612061
11:22:58,32.55,26.21,30.31,24.612022
11:22:59,32.43,26.03,29.91,24.611994
11:23:00,32.51,26.19,30.05,24.611969
11:23:01,32.47,26.17,30.15,24.611941
11:23:02,32.47,26.13,29.65,24.611914
11:23:03,32.41,26.21,29.27,24.611896
11:23:04,32.39,26.15,29.61,24.611873
11:23:05,32.41,26.15,28.83,24.611851
11:23:06,32.45,26.19,29.23,24.611844
11:23:07,32.37,26.19,28.45,24.611829
11:23:08,32.39,26.15,28.59,24.611808
11:23:09,32.31,26.23,28.73,24.611799
11:23:10,32.37,26.15,28.97,24.611793
11:23:11,32.31,26.17,28.47,24.61178
11:23:12,32.35,26.17,28.71,24.611772
11:23:13,32.31,26.21,28.63,24.611765
11:23:15,32.31,26.13,28.19,24.611757
11:23:16,32.27,26.21,28.19,24.611759
11:23:17,32.23,26.21,28.73,24.611768
11:23:19,32.27,26.21,27.71,24.611773
11:23:21,32.23,26.21,28.05,24.611791
11:23:23,32.19,26.09,27.53,24.611819
11:23:24,32.25,26.19,28.15,24.61184
11:23:25,32.19,26.15,28.27,24.611858
11:23:26,32.15,26.09,27.91,24.611882
11:23:27,32.19,26.23,27.99,24.611911
11:23:28,32.17,26.29,27.07,24.611939
11:23:29,32.15,26.19,27.37,24.611962
11:23:30,32.15,26.25,27.29,24.61199
11:23:31,32.19,26.27,27.95,24.612025
11:23:32,32.13,26.25,27.49,24.612056
11:23:33,32.11,26.17,27.73,24.612084
11:23:34,32.13,26.27,27.53,24.612122
11:23:35,32.07,26.23,27.27,24.61216
11:23:36,32.11,26.27,27.15,24.612193
11:23:37,32.05,26.19,27.73,24.612229
11:23:38,32.05,26.35,26.33,24.612276
11:23:39,32.07,26.21,27.13,24.612313
11:23:40,32.01,26.19,26.99,24.612343
11:23:41,32.07,26.23,26.97,24.612381
11:23:42,32.03,26.29,26.23,24.612416
11:23:43,32.03,26.25,26.85,24.612451
11:23:44,32.01,26.25,26.53,24.612497
11:23:45,31.99,26.21,26.43,24.612538
11:23:46,32.01,26.33,26.55,24.612569
11:23:47,31.93,26.27,26.79,24.612602
11:23:48,32.01,26.15,26.37,24.612633
11:23:49,31.95,26.25,26.83,24.61267
11:23:50,31.93,26.31,26.39,24.612719
11:23:51,31.93,26.31,26.61,24.612757
11:23:52,31.91,26.25,26.39,24.612793
11:23:53,31.91,26.23,26.43,24.612823
11:23:54,31.87,26.23,26.59,24.612862
11:23:55,31.87,26.27,26.35,24.612903
11:23:56,31.89,26.29,26.29,24.612942
11:23:57,31.87,26.31,25.91,24.612976
11:23:58,31.87,26.27,26.71,24.613018
11:23:59,31.81,26.11,25.81,24.613059
11:24:00,31.81,26.29,27.03,24.613099
11:24:01,31.83,26.27,25.49,24.613131
11:24:02,31.77,26.27,26.31,24.613174
11:24:03,31.77,26.27,26.27,24.613214
11:24:04,31.73,26.27,26.31,24.613254
11:24:05,31.79,26.25,26.35,24.613291
11:24:06,31.77,26.27,26.21,24.61333
11:24:07,31.77,26.25,26.23,24.613363
11:24:08,31.75,26.25,26.07,24.613398
11:24:09,31.73,26.21,26.65,24.613441
11:24:10,31.73,26.27,25.95,24.613481
11:24:11,31.73,26.37,25.81,24.61352
11:24:12,31.69,26.25,25.41,24.61356
11:24:13,31.75,26.29,26.19,24.613607
11:24:14,31.71,26.23,25.87,24.613644
11:24:15,31.71,26.27,25.79,24.613682
11:24:16,31.69,26.19,25.23,24.613728
11:24:17,31.67,26.27,26.27,24.613772
11:24:18,31.61,26.27,25.93,24.613809
11:24:19,31.67,26.25,26.43,24.613857
11:24:20,31.67,26.29,25.27,24.613884
11:24:21,31.63,26.25,26.43,24.613917
11:24:22,31.59,26.19,25.77,24.613959
11:24:23,31.61,26.19,26.59,24.613997
11:24:24,31.57,26.23,25.41,24.614011
11:24:25,31.59,26.21,25.73,24.614041
11:24:26,31.59,26.21,25.99,24.614066
11:24:27,31.55,26.21,26.09,24.614098
11:24:28,31.57,26.23,25.77,24.614118
11:24:29,31.61,26.31,25.73,24.614142
11:24:30,31.57,26.21,25.89,24.61417
11:24:31,31.55,26.21,25.81,24.614199
11:24:32,31.55,26.29,25.93,24.61422
11:24:33,31.53,26.21,25.63,24.614242
11:24:34,31.35,26.31,25.95,24.614261
11:24:35,31.53,26.29,25.67,24.614279
11:24:36,31.43,26.27,25.61,24.614296
11:24:37,31.51,26.27,20.31,24.614319
11:24:38,31.47,26.43,13.89,24.614335
11:24:39,31.47,26.27,7.59,24.614337
11:24:40,31.43,26.35,8.11,24.61435
11:24:41,31.37,26.33,4.71,24.614353
11:24:42,31.37,26.27,5.85,24.614368
11:24:43,31.37,26.31,4.47,24.614372
11:24:44,31.33,26.21,3.69,24.614385
11:24:45,31.35,26.27,6.63,24.614387
11:24:46,31.29,26.21,12.43,24.614376
11:24:47,31.27,26.19,16.69,24.614378
11:24:48,31.27,26.19,19.83,24.614384
11:24:49,31.27,26.17,20.97,24.614378
11:24:50,31.27,26.29,21.53,24.614374
11:24:51,31.23,26.27,22.39,24.614371
11:24:52,31.25,26.27,23.17,24.614364
11:24:53,31.21,26.27,23.85,24.614365
11:24:54,31.23,26.33,23.69,24.614361
11:24:56,31.23,26.27,22.91,24.614322
11:24:57,31.23,26.29,23.33,24.614312
11:24:58,31.23,26.27,23.21,24.614303
11:24:59,31.25,26.33,23.53,24.61429
11:25:00,31.21,26.27,23.47,24.614264
11:25:01,31.19,26.27,23.91,24.614244
11:25:02,31.17,26.29,23.45,24.61422
11:25:03,31.15,26.31,23.61,24.614196
11:25:04,31.13,26.25,23.39,24.614162
11:25:05,31.13,26.23,23.11,24.614128
11:25:06,31.09,26.23,23.47,24.614101
11:25:07,31.15,26.31,23.77,24.614066
11:25:08,31.15,26.35,23.47,24.614028
11:25:09,31.11,26.27,23.19,24.614006
11:25:10,31.07,26.35,23.09,24.613959
