"t","Ta","To","To2","T"
11:12:42,26.23,26.11,14.11,24.613093
11:12:43,26.25,26.03,17.59,24.61311
11:12:44,26.23,26.03,18.35,24.613137
11:12:45,26.23,26.19,21.23,24.613157
11:12:46,26.21,26.01,22.33,24.613176
11:12:47,26.23,26.03,22.57,24.613194
11:12:48,26.23,26.25,20.31,24.613199
11:12:49,26.21,26.05,23.37,24.613215
11:12:50,26.21,25.95,24.01,24.613226
11:12:51,26.25,26.05,22.79,24.61323
11:12:52,26.23,26.01,22.67,24.613238
11:12:53,26.23,25.97,21.41,24.613249
11:12:54,26.23,26.19,20.33,24.613256
11:12:55,26.25,26.21,20.81,24.61326
11:12:56,26.21,25.91,22.43,24.613262
11:12:57,26.23,25.97,21.99,24.613254
11:12:58,26.25,26.11,20.11,24.613246
11:12:59,26.23,25.93,22.31,24.613251
11:13:00,26.23,25.97,21.99,24.613256
11:13:01,26.23,25.95,19.29,24.613256
11:13:02,26.23,25.95,21.13,24.613249
11:13:03,26.23,25.89,21.97,24.613232
11:13:04,26.23,26.07,20.05,24.613221
11:13:05,26.21,25.85,20.99,24.613215
11:13:06,26.23,26.01,21.93,24.613214
11:13:07,26.21,26.15,21.01,24.613211
11:13:08,26.23,26.09,21.41,24.613189
11:13:09,26.23,26.17,23.67,24.613178
11:13:10,26.21,26.09,21.19,24.613165
11:13:11,26.21,25.83,21.39,24.613146
11:13:12,26.21,26.09,19.45,24.613127
11:13:13,26.23,26.03,21.93,24.613113
11:13:14,26.21,26.09,21.49,24.613086
11:13:15,26.19,26.07,21.03,24.613067
11:13:16,26.17,25.91,23.15,24.613053
11:13:17,26.19,25.99,22.19,24.613032
11:13:18,26.21,26.11,20.21,24.61302
11:13:19,26.17,26.05,22.13,24.612999
11:13:20,26.21,26.19,22.15,24.612982
11:13:21,26.19,25.81,24.11,24.612965
11:13:22,26.13,25.97,21.51,24.612944
11:13:23,26.17,26.05,20.07,24.612926
11:13:24,26.23,26.17,19.89,24.612896
11:13:25,26.09,26.07,19.65,24.612866
11:13:26,26.21,26.15,20.37,24.612849
11:13:27,26.19,26.03,20.75,24.612827
11:13:28,26.21,26.13,21.11,24.61281
11:13:29,26.21,25.93,22.41,24.612785
11:13:30,26.21,25.99,22.61,24.612763
11:13:31,26.21,26.21,20.55,24.612733
11:13:32,26.21,25.97,21.65,24.612709
11:13:33,26.21,26.01,20.51,24.61268
11:13:34,26.19,26.09,19.95,24.612664
11:13:35,26.21,26.05,22.35,24.612651
11:13:36,26.21,25.99,22.05,24.612621
11:13:37,26.17,25.89,22.15,24.612597
11:13:38,26.19,26.11,19.87,24.61258
11:13:39,26.21,26.07,22.53,24.612555
11:13:40,26.19,26.11,21.41,24.612537
11:13:41,26.17,26.01,22.09,24.61252
11:13:42,26.21,26.07,21.27,24.612495
11:13:43,26.09,25.99,22.19,24.612472
11:13:44,26.17,26.09,21.25,24.612454
11:13:45,26.17,25.95,25.31,24.612444
11:13:46,26.15,26.13,46.75,24.612435
11:13:47,26.21,25.83,72.07,24.612418
11:13:48,26.27,25.87,91.95,24.612407
11:13:50,26.37,25.89,108.89,24.612368
11:13:52,26.55,26.17,133.63,24.612327
11:13:53,26.67,26.23,143.07,24.612318
11:13:54,26.77,26.23,151.39,24.612317
11:13:55,26.93,26.29,157.89,24.612307
11:13:56,27.09,26.39,164.09,24.612293
11:13:57,27.19,26.43,169.15,24.612296
11:13:58,27.37,26.51,172.55,24.612288
11:13:59,27.53,26.55,175.95,24.612279
11:14:00,27.71,26.79,179.27,24.612281
11:14:01,27.83,26.75,182.31,24.612283
11:14:02,28.01,26.53,185.25,24.612282
11:14:03,28.11,26.77,188.11,24.61229
11:14:04,28.31,26.87,189.33,24.61229
11:14:05,28.49,26.83,191.91,24.612274
11:14:06,28.69,27.03,193.11,24.612271
11:14:07,28.85,26.97,194.89,24.61227
11:14:08,28.99,27.25,196.19,24.612271
11:14:09,29.17,26.93,197.77,24.61227
11:14:10,29.33,27.23,199.07,24.612273
11:14:11,29.51,27.27,200.29,24.612275
11:14:12,29.65,27.09,201.41,24.612276
11:14:13,29.81,27.09,203.05,24.61228
11:14:14,29.97,27.35,203.75,24.612285
11:14:15,30.19,27.35,204.73,24.61228
11:14:16,30.35,27.39,203.09,24.612273
11:14:17,30.43,27.35,193.37,24.612279
11:14:18,30.65,27.57,183.55,24.612276
11:14:19,30.71,27.45,173.87,24.612281
11:14:20,30.79,27.35,163.75,24.612284
11:14:21,30.91,27.41,155.77,24.612295
11:14:22,30.95,27.25,147.47,24.612303
11:14:23,30.97,27.23,140.27,24.61231
11:14:24,31.07,27.11,133.83,24.612306
11:14:25,31.09,27.21,127.71,24.612312
11:14:26,31.11,27.19,122.29,24.612331
11:14:27,31.15,27.15,117.95,24.612334
11:14:28,31.15,27.01,114.03,24.612346
11:14:29,31.17,27.19,109.63,24.612358
11:14:30,31.17,27.07,106.21,24.612369
11:14:31,31.19,26.69,104.03,24.612382
11:14:32,31.23,27.07,99.75,24.61239
11:14:33,31.21,26.99,97.15,24.612403
11:14:34,31.23,27.01,94.69,24.612407
11:14:35,31.23,26.87,93.37,24.612422
11:14:36,31.23,27.09,90.39,24.612444
11:14:37,31.23,26.83,88.21,24.612454
11:14:38,31.23,26.83,86.17,24.612467
11:14:39,31.23,26.95,84.11,24.612477
11:14:40,31.23,26.77,82.57,24.61249
11:14:41,31.19,26.73,81.95,24.612498
11:14:42,31.21,26.95,78.71,24.612516
11:14:43,31.21,26.79,77.63,24.612535
11:14:44,31.21,26.85,77.53,24.612552
11:14:45,31.21,26.93,75.71,24.612578
11:14:46,31.17,26.87,73.79,24.612596
11:14:47,31.19,26.89,72.35,24.612615
11:14:48,31.19,26.69,71.45,24.612637
11:14:49,31.19,26.69,71.37,24.612651
11:14:50,31.19,26.85,68.43,24.612672
11:14:51,31.15,26.81,68.03,24.612689
11:14:52,31.17,26.91,67.11,24.612707
11:14:53,31.17,26.79,66.23,24.612718
11:14:54,31.15,26.83,65.53,24.61274
11:14:55,31.13,26.51,65.79,24.612756
11:14:56,31.13,26.71,63.91,24.612763
11:14:57,31.11,26.73,61.49,24.612772
11:14:58,31.09,26.81,61.03,24.612786
11:14:59,31.11,26.69,61.05,24.612799
11:15:00,31.09,26.79,59.31,24.612812
11:15:01,31.07,26.61,58.57,24.612822
11:15:02,31.09,26.63,58.67,24.612832
11:15:03,31.07,26.73,56.23,24.612845
11:15:04,31.05,26.71,56.55,24.612865
11:15:05,31.07,26.55,56.93,24.612887
11:15:06,31.05,26.53,55.13,24.612894
11:15:07,31.05,26.67,54.31,24.612911
11:15:08,31.03,26.55,54.45,24.612923
11:15:09,31.03,26.61,54.15,24.612938
11:15:10,31.01,26.61,53.09,24.612949
11:15:11,31.03,26.53,53.23,24.612958
11:15:12,30.99,26.63,50.89,24.612975
11:15:13,31.01,26.75,50.29,24.612989
11:15:14,31.01,26.69,50.65,24.613
11:15:15,31.01,26.65,50.41,24.613013
11:15:16,30.95,26.49,49.53,24.61302
11:15:17,30.87,26.49,49.43,24.613034
11:15:18,30.93,26.39,49.53,24.613047
11:15:19,30.95,26.51,49.19,24.613052
11:15:20,30.91,26.47,48.69,24.61306
11:15:21,30.89,26.49,46.75,24.613067
11:15:22,30.91,26.35,46.73,24.613081
11:15:23,30.91,26.51,46.51,24.61309
11:15:24,30.89,26.39,46.67,24.613103
11:15:25,30.89,26.47,44.53,24.613118
11:15:26,30.85,26.43,46.13,24.613137
11:15:27,30.89,26.45,44.93,24.613159
11:15:28,30.85,26.47,44.43,24.613174
11:15:29,30.87,26.63,42.99,24.613187
11:15:30,30.83,26.41,43.07,24.613199
11:15:31,30.83,26.55,42.59,24.61322
11:15:33,30.81,26.33,42.55,24.613265
11:15:35,30.83,26.57,43.13,24.613292
11:15:36,30.81,26.59,42.97,24.613315
11:15:37,30.81,26.45,40.29,24.613331
11:15:38,30.79,26.49,40.89,24.61335
11:15:39,30.81,26.53,40.87,24.613383
11:15:40,30.79,26.45,40.55,24.613407
11:15:41,30.79,26.49,40.17,24.613434
11:15:42,30.77,26.41,39.65,24.613452
11:15:43,30.77,26.37,38.69,24.61347
11:15:44,30.73,26.23,39.73,24.613496
11:15:45,30.71,26.19,39.37,24.613513
11:15:46,30.73,26.25,39.81,24.613546
11:15:47,30.71,26.37,38.17,24.613565
11:15:48,30.71,26.27,39.01,24.613597
11:15:49,30.71,26.35,38.31,24.613636
11:15:50,30.69,26.29,38.07,24.613666
11:15:51,30.69,26.47,36.71,24.613699
11:15:52,30.69,26.29,37.05,24.613731
11:15:53,30.67,26.51,35.69,24.613762
11:15:54,30.69,26.19,36.97,24.613781
11:15:55,30.61,26.45,34.67,24.613801
11:15:56,30.65,26.59,35.33,24.613827
11:15:57,30.63,26.33,35.59,24.613848
11:15:58,30.63,26.47,36.37,24.613873
11:15:59,30.61,26.39,33.93,24.613904
11:16:00,30.63,26.21,35.85,24.613922
11:16:01,30.63,26.37,34.63,24.613934
11:16:02,30.61,26.33,35.35,24.613956
11:16:03,30.63,26.43,33.77,24.613957
11:16:04,30.59,26.37,33.67,24.613974
11:16:05,30.61,26.45,33.85,24.613991
11:16:06,30.59,26.39,34.23,24.614006
11:16:07,30.53,26.25,33.35,24.61402
11:16:08,30.57,26.21,34.41,24.614036
11:16:09,30.59,26.43,33.99,24.614028
11:16:10,30.51,26.09,33.95,24.61403
11:16:11,30.57,26.41,33.83,24.614032
11:16:12,30.53,26.29,33.19,24.614031
11:16:13,30.53,26.23,34.21,24.614026
11:16:14,30.55,26.33,32.27,24.614018
11:16:15,30.51,26.27,32.51,24.614012
11:16:16,30.51,26.47,32.85,24.614005
11:16:17,30.49,26.25,34.13,24.613993
11:16:18,30.49,26.29,32.41,24.61397
11:16:19,30.49,26.29,31.57,24.61395
11:16:20,30.49,26.25,31.59,24.613935
11:16:21,30.47,26.21,31.71,24.613915
11:16:22,30.49,26.23,31.93,24.613884
11:16:23,30.47,26.19,32.73,24.613864
11:16:24,30.49,26.25,32.55,24.613845
11:16:25,30.45,26.25,32.69,24.613819
11:16:26,30.49,26.35,32.23,24.613782
11:16:27,30.45,26.37,31.73,24.613746
11:16:28,30.43,26.27,31.67,24.613708
11:16:29,30.43,26.39,31.47,24.613659
11:16:30,30.41,26.29,32.37,24.613623
11:16:31,30.43,26.25,30.83,24.613587
11:16:32,30.39,26.35,31.37,24.613538
11:16:33,30.41,26.23,31.43,24.613505
11:16:34,30.41,26.33,31.49,24.613456
11:16:35,30.43,26.51,30.01,24.613402
11:16:36,30.39,26.23,31.89,24.613356
11:16:37,30.39,26.19,30.67,24.613307
11:16:38,30.37,26.31,30.53,24.613255
11:16:39,30.37,26.33,30.33,24.613206
11:16:40,30.37,26.37,30.29,24.613153
11:16:41,30.35,26.37,30.03,24.613098
11:16:42,30.37,26.35,30.35,24.613042
11:16:43,30.35,26.35,29.83,24.61299
11:16:44,30.31,26.27,30.45,24.612939
11:16:45,30.33,26.31,30.17,24.612873
11:16:46,30.35,26.39,29.65,24.612819
11:16:47,30.29,26.31,29.85,24.612768
11:16:48,30.35,26.33,30.07,24.612723
11:16:49,30.29,26.33,29.01,24.612665
11:16:50,30.25,26.17,30.13,24.612616
11:16:51,30.29,26.25,29.27,24.612549
11:16:52,30.29,26.43,29.17,24.612501
11:16:53,30.27,26.35,30.05,24.612443
11:16:54,30.27,26.37,30.73,24.612387
11:16:55,30.25,26.29,30.81,24.612338
11:16:56,30.25,26.17,28.61,24.612291
11:16:57,30.25,26.35,28.45,24.612238
11:16:58,30.23,26.39,29.29,24.612191
11:16:59,30.25,26.15,29.45,24.612155
11:17:00,30.23,26.35,28.77,24.612102
11:17:01,30.23,26.11,30.17,24.612046
11:17:02,30.23,26.23,29.77,24.611999
11:17:03,30.21,26.27,30.55,24.611946
11:17:04,30.21,26.19,30.17,24.611893
11:17:05,30.23,26.19,29.61,24.61185
11:17:06,30.21,26.17,30.31,24.6118
11:17:07,30.17,26.15,30.05,24.611755
11:17:08,30.19,26.11,30.11,24.611707
11:17:09,30.19,26.43,28.49,24.611664
11:17:10,30.07,26.21,28.87,24.611617
11:17:12,30.19,26.19,29.49,24.611533
11:17:14,30.17,26.21,28.87,24.611451
11:17:15,30.17,26.29,29.77,24.611415
11:17:16,30.17,26.55,29.37,24.611366
11:17:17,30.15,26.09,24.45,24.61132
11:17:18,30.15,26.17,25.01,24.611266
11:17:19,30.13,26.21,25.13,24.611229
11:17:20,30.11,26.01,21.09,24.61119
11:17:21,30.07,25.93,21.15,24.611166
11:17:22,30.07,26.17,21.73,24.611131
11:17:23,30.05,26.07,19.59,24.611087
11:17:24,30.09,26.15,21.17,24.611063
11:17:25,30.05,26.01,19.77,24.611041
11:17:26,30.07,25.95,20.55,24.611008
11:17:27,30.07,26.03,20.11,24.610983
11:17:28,30.03,25.97,20.35,24.61095
11:17:29,30.01,26.11,22.37,24.610917
11:17:30,30.01,26.29,23.79,24.610902
11:17:31,30.01,26.05,25.87,24.610895
11:17:32,29.99,26.15,23.85,24.610888
11:17:33,30.01,26.33,25.75,24.61088
11:17:34,29.97,26.19,28.31,24.610876
11:17:35,29.99,26.09,26.69,24.610861
11:17:36,29.95,26.27,24.87,24.610858
11:17:37,29.99,26.21,25.91,24.610856
11:17:38,29.97,26.13,27.73,24.610859
11:17:39,29.95,26.31,25.67,24.610853
11:17:40,29.95,26.31,26.65,24.610862
11:17:41,29.95,26.11,27.71,24.610873
11:17:42,29.95,26.17,27.29,24.610883
11:17:43,29.93,26.23,27.49,24.610891
11:17:44,29.97,26.25,27.01,24.610901
11:17:45,29.95,26.25,27.67,24.610924
11:17:46,29.85,26.23,27.51,24.610942
11:17:47,29.95,26.09,27.09,24.610966
11:17:48,29.95,26.25,28.35,24.610995
11:17:49,29.89,26.21,26.61,24.611019
11:17:50,29.91,26.13,27.35,24.611044
11:17:51,29.89,26.29,27.89,24.611064
11:17:52,29.91,26.27,27.81,24.611094
