"t","Ta","To","To2","T"
10:39:12,25.69,26.15,25.73,24.610885
10:39:13,25.69,26.19,25.59,24.610891
10:39:14,25.67,26.21,25.75,24.610918
10:39:15,25.71,26.19,25.75,24.610939
10:39:16,25.67,26.19,25.31,24.61096
10:39:17,25.67,26.17,25.55,24.610984
10:39:18,25.65,26.17,25.65,24.610997
10:39:19,25.65,26.21,25.59,24.611024
10:39:20,25.63,26.21,25.57,24.611049
10:39:21,25.65,26.17,25.57,24.611076
10:39:22,25.69,26.25,25.59,24.611106
10:39:23,25.67,26.23,25.95,24.611145
10:39:24,25.67,26.21,25.51,24.611169
10:39:25,25.47,26.27,25.61,24.61121
10:39:26,25.63,26.17,25.69,24.611247
10:39:27,25.67,26.11,25.73,24.611275
10:39:28,25.71,26.21,25.63,24.611305
10:39:29,25.67,26.23,25.57,24.611329
10:39:30,25.67,26.21,25.49,24.611365
10:39:31,25.63,26.19,25.67,24.611395
10:39:32,25.63,26.15,25.31,24.611431
10:39:33,25.69,26.27,25.31,24.611462
10:39:34,25.69,26.21,25.93,24.611503
10:39:36,25.65,26.15,25.47,24.611568
10:39:37,25.45,26.05,25.53,24.611605
10:39:38,25.63,26.17,25.79,24.611649
10:39:39,25.67,26.17,25.69,24.61169
10:39:41,25.65,26.15,25.63,24.611778
10:39:42,25.71,26.21,25.71,24.611813
10:39:43,25.67,26.23,25.39,24.611848
10:39:44,25.69,26.25,25.59,24.611883
10:39:45,25.67,26.13,26.11,24.611908
10:39:46,25.63,26.21,25.65,24.611946
10:39:47,25.65,26.15,25.87,24.611984
10:39:48,25.71,26.21,25.59,24.612018
10:39:49,25.65,26.25,25.09,24.612046
10:39:50,25.65,26.21,25.75,24.612075
10:39:51,25.63,26.17,25.71,24.612104
10:39:52,25.65,26.13,25.77,24.612137
10:39:53,25.69,26.21,25.69,24.612165
10:39:54,25.47,26.23,25.47,24.612202
10:39:55,25.63,26.21,25.39,24.612218
10:39:56,25.49,26.19,25.67,24.612249
10:39:57,25.65,26.13,25.81,24.612285
10:39:58,25.63,26.21,25.41,24.612324
10:39:59,25.63,26.13,25.65,24.612361
10:40:00,25.67,26.21,25.45,24.612389
10:40:01,25.67,26.21,25.25,24.61241
10:40:02,25.61,26.15,25.75,24.612433
10:40:03,25.63,26.21,25.99,24.612462
10:40:04,25.69,26.21,25.83,24.612482
10:40:05,25.61,26.19,25.57,24.612502
10:40:06,25.63,26.15,25.65,24.612526
10:40:07,25.63,26.15,25.51,24.61256
10:40:08,25.67,26.21,25.71,24.612575
10:40:09,25.65,26.13,25.73,24.6126
10:40:10,25.67,26.25,25.59,24.612617
10:40:11,25.63,26.23,25.53,24.612639
10:40:12,25.65,26.17,25.57,24.612662
10:40:13,25.65,26.17,25.87,24.612683
10:40:14,25.65,26.21,25.55,24.612698
10:40:15,25.67,26.27,25.31,24.612722
10:40:16,25.61,26.23,25.65,24.612732
10:40:17,25.61,26.13,25.89,24.612752
10:40:18,25.63,26.15,25.95,24.612767
10:40:19,25.63,26.17,25.75,24.61278
10:40:20,25.63,26.13,26.05,24.612792
10:40:21,25.65,26.19,25.63,24.612806
10:40:22,25.63,26.17,25.71,24.612817
10:40:23,25.45,26.01,25.61,24.612824
10:40:24,25.67,26.25,25.93,24.612835
10:40:25,25.65,26.13,28.03,24.612841
10:40:26,25.67,26.01,31.45,24.61284
10:40:27,25.71,25.89,35.63,24.612842
10:40:28,25.77,25.83,40.39,24.612837
10:40:29,25.85,25.69,44.19,24.612841
10:40:30,25.97,25.63,47.49,24.612843
10:40:31,26.03,25.53,50.71,24.612844
10:40:32,26.17,25.49,53.55,24.612833
10:40:33,26.29,25.45,56.15,24.612821
10:40:34,26.49,25.43,58.41,24.612811
10:40:35,26.57,25.39,60.19,24.612791
10:40:36,26.65,25.23,62.35,24.612787
10:40:37,26.85,25.25,64.19,24.612766
10:40:38,27.05,25.25,65.65,24.612757
10:40:39,27.25,25.21,66.99,24.612738
10:40:40,27.39,25.19,68.63,24.612716
10:40:41,27.53,25.25,70.03,24.612697
10:40:42,27.75,25.13,71.15,24.612675
10:40:43,27.91,25.17,72.07,24.61265
10:40:44,28.11,25.07,73.23,24.612621
10:40:45,28.29,25.05,74.15,24.612593
10:40:46,28.47,25.03,75.13,24.612566
10:40:47,28.67,24.99,75.91,24.612537
10:40:48,28.85,25.01,76.79,24.612514
10:40:49,29.07,24.97,77.71,24.612492
10:40:50,29.23,24.95,78.43,24.61247
10:40:51,29.27,24.75,79.37,24.612429
10:40:52,29.63,24.95,80.09,24.612403
10:40:53,29.81,24.89,80.71,24.612374
10:40:54,30.05,24.95,81.25,24.612348
10:40:55,30.15,24.87,81.93,24.612325
10:40:56,30.47,24.89,82.05,24.612297
10:40:57,30.63,25.03,80.29,24.612266
10:40:58,30.77,25.09,77.75,24.612243
10:40:59,30.93,25.33,74.63,24.612213
10:41:00,31.09,25.37,71.65,24.612183
10:41:01,31.13,25.43,68.51,24.612152
10:41:02,31.11,25.47,65.87,24.612138
10:41:03,31.35,25.63,63.09,24.612108
10:41:04,31.43,25.69,60.75,24.612079
10:41:05,31.43,25.73,58.81,24.612059
10:41:06,31.53,25.89,56.47,24.61202
10:41:07,31.59,25.85,55.21,24.611998
10:41:08,31.43,25.75,53.39,24.611966
10:41:09,31.67,25.99,51.81,24.611941
10:41:10,31.69,26.01,50.59,24.611911
10:41:11,31.69,25.97,49.59,24.611885
10:41:12,31.71,26.01,48.35,24.611856
10:41:13,31.71,26.01,47.11,24.611827
10:41:14,31.71,26.05,46.21,24.611798
10:41:15,31.69,26.05,45.63,24.611768
10:41:16,31.75,26.11,44.61,24.611741
10:41:18,31.75,26.15,44.15,24.611663
10:41:19,31.71,26.05,43.09,24.611626
10:41:21,31.73,26.15,41.79,24.611562
10:41:22,31.79,26.19,41.25,24.611523
10:41:23,31.69,26.15,40.81,24.611482
10:41:24,31.73,26.17,40.11,24.611439
10:41:25,31.69,26.13,39.53,24.611406
10:41:26,31.73,26.19,39.35,24.611382
10:41:27,31.69,26.15,38.95,24.611344
10:41:28,31.79,26.23,38.47,24.611304
10:41:29,31.71,26.17,38.31,24.61127
10:41:30,31.67,26.15,37.75,24.611242
10:41:31,31.71,26.15,37.47,24.61122
10:41:32,31.71,26.23,36.83,24.611187
10:41:33,31.71,26.17,36.87,24.611163
10:41:34,31.69,26.23,35.95,24.611147
10:41:35,31.71,26.21,36.05,24.611132
10:41:36,31.69,26.23,35.59,24.611114
10:41:37,31.63,26.15,35.51,24.61109
10:41:38,31.63,26.21,34.95,24.611072
10:41:39,31.61,26.15,34.53,24.611044
10:41:40,31.65,26.21,34.65,24.611034
10:41:41,31.57,26.21,33.93,24.611017
10:41:42,31.63,26.13,34.25,24.610998
10:41:43,31.59,26.17,33.75,24.611001
10:41:44,31.61,26.17,33.71,24.610995
10:41:45,31.61,26.29,33.01,24.610993
10:41:46,31.55,26.25,32.69,24.610995
10:41:47,31.59,26.17,32.87,24.611004
10:41:48,31.57,26.21,32.91,24.611009
10:41:49,31.55,26.21,32.39,24.611016
10:41:50,31.53,26.19,32.37,24.611032
10:41:51,31.49,26.21,31.99,24.611054
10:41:52,31.51,26.19,32.09,24.611064
10:41:53,31.29,25.99,31.81,24.611089
10:41:54,31.47,26.43,29.77,24.611107
10:41:55,31.47,25.99,27.33,24.611118
10:41:56,31.47,26.37,28.05,24.611138
10:41:57,31.41,25.93,25.55,24.611155
10:41:58,31.43,26.01,27.27,24.611181
10:41:59,31.37,25.95,25.47,24.611209
10:42:00,31.39,26.03,26.05,24.611224
10:42:01,31.33,25.95,27.95,24.611247
10:42:02,31.37,26.29,28.79,24.611263
10:42:03,31.33,25.91,25.29,24.611296
10:42:04,31.37,26.27,24.43,24.611315
10:42:05,31.29,25.91,23.97,24.611334
10:42:06,31.31,26.05,26.75,24.611355
10:42:07,31.27,26.07,28.13,24.611388
10:42:08,31.25,26.07,28.55,24.611417
10:42:09,31.29,26.03,29.29,24.611451
10:42:10,31.27,26.15,28.63,24.611477
10:42:11,31.27,26.15,28.65,24.611502
10:42:12,31.29,26.17,28.75,24.611533
10:42:13,31.27,26.15,28.53,24.611551
10:42:14,31.23,26.09,28.09,24.611583
10:42:15,31.27,26.19,28.15,24.611602
10:42:16,31.23,26.21,28.27,24.611626
10:42:17,31.27,26.25,27.81,24.611652
10:42:18,31.19,26.15,27.89,24.611665
10:42:19,31.15,26.13,27.37,24.61168
10:42:20,31.19,26.21,27.23,24.611698
10:42:21,31.17,26.19,27.65,24.611706
10:42:22,31.17,26.21,27.05,24.61174
10:42:23,31.13,26.05,26.79,24.611757
10:42:24,31.15,26.21,27.01,24.611776
10:42:25,31.13,26.19,26.85,24.611796
10:42:26,31.13,26.19,26.79,24.611805
10:42:27,31.15,26.23,26.87,24.611822
10:42:28,31.13,26.29,26.87,24.611834
10:42:29,31.11,26.23,26.69,24.611834
