"t","Ta","To","To2","T"
10:52:18,25.21,26.47,12.65,24.611632
10:52:19,25.21,26.53,12.67,24.611629
10:52:20,25.17,26.39,13.51,24.611629
10:52:21,25.17,26.43,14.21,24.611636
10:52:22,25.21,26.55,13.27,24.611644
10:52:23,25.21,26.37,14.47,24.611641
10:52:24,25.23,26.47,13.71,24.611649
10:52:25,25.17,26.35,14.41,24.611661
10:52:26,25.23,26.39,14.35,24.611667
10:52:27,25.19,26.39,14.79,24.611672
10:52:28,25.21,26.47,15.21,24.611668
10:52:29,25.23,26.45,15.45,24.611683
10:52:30,25.23,26.49,14.99,24.6117
10:52:31,25.23,26.39,15.81,24.61171
10:52:32,25.17,26.35,16.63,24.611721
10:52:33,25.21,26.31,16.39,24.611729
10:52:34,25.23,26.29,16.59,24.611739
10:52:35,25.25,26.37,16.75,24.611749
10:52:36,25.23,26.35,16.97,24.611767
10:52:37,25.23,26.35,16.89,24.611776
10:52:38,25.25,26.29,18.01,24.611801
10:52:39,25.25,26.35,17.69,24.611821
10:52:40,25.23,26.31,17.67,24.611839
10:52:41,25.29,26.37,17.75,24.611852
10:52:42,25.21,26.31,18.65,24.611869
10:52:43,25.25,26.35,18.17,24.61188
10:52:44,25.21,26.31,18.43,24.61189
10:52:45,25.23,26.35,18.89,24.611912
10:52:46,25.23,26.27,19.15,24.611932
10:52:47,25.27,26.33,19.07,24.61195
10:52:48,25.25,26.27,19.49,24.611978
10:52:49,25.29,26.35,19.35,24.611989
10:52:50,25.23,26.29,20.03,24.612013
10:52:51,25.27,26.33,19.97,24.612028
10:52:52,25.29,26.29,20.57,24.612043
10:52:53,25.23,26.27,20.41,24.612072
10:52:54,25.27,26.27,20.67,24.612087
10:52:55,25.27,26.31,20.53,24.612106
10:52:56,25.23,26.33,20.49,24.612124
10:52:57,25.15,26.19,20.55,24.612131
10:52:58,25.27,26.31,21.23,24.612159
10:52:59,25.25,26.27,20.97,24.612167
10:53:00,25.29,26.33,20.89,24.612185
10:53:01,25.29,26.33,21.69,24.612206
10:53:02,25.29,26.23,21.27,24.612223
10:53:03,25.27,26.21,21.57,24.61225
10:53:04,25.25,26.23,21.79,24.612281
10:53:05,25.27,26.21,21.63,24.612299
10:53:06,25.25,26.27,21.75,24.612319
10:53:07,25.31,26.25,21.79,24.612348
10:53:08,25.31,26.25,21.39,24.612362
10:53:09,25.31,26.15,22.45,24.612385
10:53:10,25.31,26.27,22.57,24.612411
10:53:11,25.31,26.23,22.15,24.612433
10:53:13,25.29,26.27,22.53,24.612479
10:53:15,25.31,26.27,22.75,24.612499
10:53:16,25.15,26.27,22.51,24.612527
10:53:17,25.29,26.19,23.11,24.612551
10:53:18,25.31,26.23,22.95,24.612562
10:53:19,25.35,26.29,22.83,24.612587
10:53:20,25.31,26.27,22.49,24.612611
10:53:21,25.29,26.21,23.51,24.612629
10:53:22,25.27,26.15,23.29,24.61265
10:53:23,25.33,26.25,22.87,24.612664
10:53:24,25.31,26.33,23.05,24.612684
10:53:25,25.29,26.23,23.55,24.612694
10:53:26,25.33,26.27,23.63,24.612706
10:53:27,25.33,26.27,23.23,24.612724
10:53:28,25.33,26.31,23.89,24.61273
10:53:29,25.31,26.25,23.53,24.612748
10:53:30,25.35,26.31,23.97,24.612748
10:53:31,25.29,26.17,23.31,24.612755
10:53:32,25.31,26.19,23.91,24.612753
10:53:33,25.31,26.23,23.69,24.61276
10:53:34,25.29,26.23,27.69,24.612765
10:53:35,25.31,26.05,35.37,24.612781
10:53:36,25.37,25.85,44.33,24.612781
10:53:37,25.25,25.87,52.55,24.61278
10:53:38,25.49,25.63,60.35,24.612788
10:53:39,25.57,25.51,66.99,24.61279
10:53:40,25.63,25.27,73.35,24.612788
10:53:41,25.81,25.25,78.69,24.612785
10:53:42,25.93,25.13,82.59,24.612783
10:53:43,26.03,25.03,86.73,24.61278
10:53:44,26.19,24.93,90.17,24.612782
10:53:45,26.31,24.83,93.21,24.612785
10:53:46,26.49,24.75,95.51,24.612766
10:53:47,26.63,24.75,98.05,24.612757
10:53:48,26.75,24.67,100.27,24.612741
10:53:49,26.91,24.53,102.37,24.612736
10:53:50,27.13,24.61,104.07,24.612718
10:53:51,27.23,24.53,105.59,24.612703
10:53:52,27.45,24.49,107.51,24.612691
10:53:53,27.63,24.45,108.81,24.612668
10:53:54,27.75,24.35,110.47,24.61265
10:53:55,27.99,24.35,111.41,24.61264
10:53:56,28.15,24.31,112.75,24.612637
10:53:57,28.33,24.21,113.81,24.61262
10:53:58,28.47,24.21,114.99,24.61261
10:53:59,28.65,24.15,116.09,24.612587
10:54:00,28.89,24.09,117.27,24.612577
10:54:01,29.03,24.07,118.07,24.612558
10:54:02,29.27,23.97,118.89,24.612547
10:54:03,29.39,24.01,118.19,24.612532
10:54:04,29.55,24.13,115.09,24.612506
10:54:05,29.71,24.31,111.37,24.612482
10:54:06,29.81,24.27,107.07,24.612462
10:54:07,29.95,24.51,102.61,24.612448
10:54:08,30.11,24.75,97.87,24.612426
10:54:09,30.17,24.75,92.61,24.612406
10:54:10,30.25,24.93,88.57,24.612394
10:54:11,30.31,25.13,84.39,24.612373
10:54:12,30.21,25.03,81.17,24.612351
10:54:13,30.35,25.13,77.73,24.612329
10:54:14,30.41,25.07,74.99,24.612309
10:54:15,30.45,25.31,72.17,24.612296
10:54:16,30.47,25.37,69.39,24.612277
10:54:17,30.47,25.31,67.37,24.612258
10:54:18,30.47,25.33,65.09,24.612253
10:54:19,30.55,25.41,63.29,24.612236
10:54:20,30.53,25.43,61.85,24.612233
10:54:21,30.53,25.43,60.55,24.612218
10:54:22,30.57,25.49,58.77,24.612208
10:54:23,30.61,25.57,57.47,24.612203
10:54:24,30.61,25.51,56.47,24.612184
10:54:25,30.57,25.57,55.09,24.61217
10:54:26,30.59,25.61,53.95,24.612152
10:54:27,30.61,25.63,53.09,24.612148
10:54:28,30.57,25.59,52.51,24.612128
10:54:29,30.57,25.65,51.65,24.612132
10:54:30,30.61,25.61,50.73,24.61212
10:54:31,30.57,25.61,49.59,24.612119
10:54:32,30.57,25.75,48.87,24.612114
10:54:33,30.55,25.75,47.65,24.612105
10:54:34,30.57,25.69,47.57,24.612102
10:54:35,30.55,25.71,47.07,24.612097
10:54:36,30.57,25.75,46.27,24.612093
10:54:37,30.53,25.71,45.55,24.612083
10:54:38,30.53,25.83,44.99,24.612075
10:54:39,30.49,25.69,44.45,24.612071
10:54:40,30.55,25.85,44.01,24.612061
10:54:41,30.51,25.83,43.43,24.612064
10:54:42,30.49,25.75,43.23,24.612069
10:54:43,30.49,25.73,42.85,24.612077
10:54:44,30.51,25.85,41.65,24.612078
10:54:45,30.53,25.85,41.85,24.612068
10:54:46,30.49,25.89,41.29,24.612071
10:54:47,30.49,25.83,40.71,24.612064
10:54:48,30.47,25.89,40.03,24.61206
10:54:49,30.39,25.79,39.91,24.612052
10:54:50,30.41,25.91,38.67,24.612038
10:54:51,30.39,25.93,39.59,24.612043
10:54:52,30.41,25.97,38.21,24.612034
10:54:53,30.39,25.79,38.89,24.612033
10:54:54,30.41,25.87,38.21,24.612045
10:54:55,30.39,25.89,37.85,24.612042
10:54:57,30.41,25.89,36.85,24.612027
10:54:58,30.37,25.93,36.93,24.61204
10:55:00,30.35,25.91,37.09,24.61202
10:55:02,30.37,25.95,36.39,24.612019
10:55:03,30.37,25.99,36.13,24.612019
10:55:04,30.37,25.99,36.03,24.612025
10:55:05,30.39,25.93,35.57,24.612027
10:55:06,30.37,25.97,36.25,24.61202
10:55:07,30.27,25.95,35.57,24.612025
10:55:08,30.31,26.05,34.85,24.612034
10:55:09,30.31,26.07,35.11,24.612039
10:55:10,30.33,26.01,34.59,24.612051
10:55:11,30.27,26.01,34.55,24.61206
10:55:12,30.33,26.11,33.95,24.612068
10:55:13,30.23,25.97,33.95,24.612083
10:55:14,30.31,26.05,33.95,24.612096
10:55:15,30.27,26.03,32.85,24.61212
10:55:16,30.25,26.01,33.33,24.612133
10:55:17,30.19,25.97,33.61,24.612154
10:55:18,30.21,25.99,32.91,24.612174
10:55:19,30.23,25.99,33.19,24.612197
10:55:20,30.21,26.01,33.09,24.612227
10:55:21,30.19,25.93,32.67,24.612254
10:55:22,30.25,26.13,32.55,24.612289
10:55:23,30.05,25.89,32.13,24.612317
10:55:24,30.19,26.09,32.71,24.612338
10:55:25,30.17,26.11,31.81,24.612368
10:55:26,30.11,26.01,31.95,24.612416
10:55:27,30.17,26.09,31.75,24.612447
10:55:28,30.15,26.13,31.43,24.612473
10:55:29,30.15,26.09,31.49,24.612524
10:55:30,30.17,26.13,31.67,24.612576
10:55:31,30.13,26.11,31.39,24.61261
10:55:32,30.15,26.01,31.13,24.612648
10:55:33,30.13,26.03,31.31,24.612695
10:55:34,30.09,25.97,31.43,24.612729
10:55:35,30.15,26.09,30.89,24.612768
10:55:36,29.93,26.07,30.65,24.612819
10:55:37,30.07,26.01,30.47,24.612853
10:55:38,30.09,26.09,30.35,24.612888
10:55:39,30.05,26.03,30.11,24.612936
10:55:40,30.07,26.03,30.33,24.612978
10:55:41,30.01,25.95,30.57,24.613019
10:55:42,30.03,26.07,30.43,24.613064
10:55:43,30.03,26.03,30.17,24.613098
10:55:44,30.09,26.03,30.35,24.613146
10:55:45,30.01,26.05,30.03,24.613181
10:55:46,30.03,26.13,29.97,24.613237
10:55:47,29.97,26.07,29.67,24.613289
10:55:48,30.05,26.15,29.29,24.613342
10:55:49,30.03,26.05,29.19,24.613371
10:55:50,30.05,26.11,29.65,24.613403
10:55:51,30.01,26.19,29.65,24.613443
10:55:52,29.99,26.11,28.89,24.613481
10:55:53,29.97,26.11,29.31,24.613512
10:55:54,29.99,26.17,29.05,24.613555
10:55:55,29.95,26.07,29.57,24.6136
10:55:56,29.95,26.01,28.79,24.613626
10:55:57,29.89,26.15,29.21,24.613675
10:55:58,29.93,26.15,28.61,24.613715
10:55:59,29.95,26.13,28.59,24.613753
10:56:00,29.97,26.17,29.33,24.613777
10:56:01,29.93,26.11,29.25,24.613809
10:56:02,29.93,26.19,29.21,24.61384
10:56:03,29.87,26.07,29.07,24.613873
10:56:04,29.95,26.11,29.51,24.613904
10:56:05,29.91,26.11,28.97,24.61393
10:56:06,29.87,26.11,28.73,24.613961
10:56:07,29.83,26.07,28.75,24.613994
10:56:08,29.85,26.15,28.91,24.614026
10:56:09,29.87,26.09,29.03,24.614033
10:56:10,29.87,26.15,28.53,24.614033
10:56:11,29.87,26.15,28.33,24.614045
10:56:12,29.79,26.01,28.79,24.61405
10:56:13,29.87,26.19,28.29,24.614073
10:56:14,29.85,26.13,28.39,24.614068
10:56:15,29.83,26.11,28.97,24.614075
10:56:16,29.81,26.13,28.33,24.614059
10:56:17,29.83,26.09,28.53,24.614048
10:56:18,29.83,26.15,28.39,24.61403
10:56:19,29.83,26.15,28.23,24.614035
10:56:20,29.79,26.13,28.23,24.614028
10:56:21,29.81,26.11,28.39,24.614006
10:56:22,29.79,26.17,28.33,24.613986
10:56:23,29.79,26.09,28.57,24.613961
10:56:24,29.83,26.13,27.97,24.613933
10:56:25,29.75,26.19,27.57,24.613904
10:56:26,29.77,26.25,28.05,24.613878
10:56:27,29.75,26.11,28.19,24.613841
10:56:28,29.73,26.13,27.97,24.613801
10:56:29,29.73,26.15,27.63,24.613749
10:56:30,29.75,26.23,27.85,24.613712
10:56:31,29.71,26.17,27.19,24.613677
10:56:32,29.71,26.19,27.59,24.613628
10:56:33,29.71,26.11,27.71,24.613571
10:56:34,29.73,26.15,27.83,24.613533
10:56:35,29.71,26.17,27.65,24.613492
10:56:36,29.71,26.19,27.53,24.613444
10:56:37,29.71,26.15,27.39,24.613394
10:56:38,29.69,26.15,28.03,24.613341
10:56:39,29.71,26.13,27.37,24.613298
10:56:41,29.65,26.09,27.85,24.613221
10:56:43,29.71,26.15,28.05,24.613115
10:56:44,29.65,26.09,27.47,24.61306
10:56:45,29.65,26.15,27.69,24.613006
10:56:46,29.63,26.05,27.77,24.612952
10:56:47,29.63,26.09,27.57,24.612896
10:56:48,29.63,26.11,27.69,24.612846
10:56:49,29.63,26.21,26.91,24.612795
10:56:50,29.65,26.17,27.71,24.612741
10:56:51,29.61,26.15,27.53,24.612694
10:56:52,29.63,26.21,27.07,24.612651
10:56:53,29.63,26.27,27.09,24.612616
10:56:54,29.61,26.13,27.69,24.612575
10:56:55,29.61,26.17,27.57,24.612533
10:56:56,29.61,26.15,27.21,24.612485
10:56:57,29.59,26.13,27.91,24.612433
10:56:58,29.59,26.15,27.47,24.612384
10:56:59,29.59,26.21,27.39,24.612349
10:57:00,29.57,26.13,27.53,24.612302
10:57:01,29.55,26.15,27.49,24.612269
10:57:02,29.59,26.17,27.47,24.612238
10:57:03,29.53,26.13,27.63,24.612207
10:57:04,29.59,26.11,27.41,24.612171
10:57:05,29.51,26.19,27.03,24.612138
10:57:06,29.49,26.15,27.01,24.612098
10:57:07,29.59,26.17,27.37,24.612064
10:57:08,29.57,26.15,26.99,24.612039
10:57:09,29.55,26.21,26.83,24.612005
10:57:10,29.51,26.15,27.17,24.611983
10:57:11,29.51,26.11,27.75,24.611949
10:57:12,29.51,26.25,27.23,24.611924
10:57:13,29.49,26.13,27.01,24.611902
10:57:14,29.47,26.21,26.45,24.611892
10:57:15,29.51,26.25,27.67,24.611877
10:57:16,29.47,26.13,27.25,24.611866
10:57:17,29.43,26.15,26.63,24.611851
10:57:18,29.51,26.17,27.19,24.611829
10:57:19,29.47,26.23,27.79,24.611811
10:57:20,29.49,26.23,27.79,24.611798
10:57:21,29.47,26.19,27.37,24.611786
10:57:22,29.43,26.17,27.49,24.611769
10:57:23,29.47,26.17,27.41,24.611753
10:57:24,29.43,26.11,26.91,24.611739
10:57:25,29.45,26.13,27.09,24.611723
10:57:26,29.47,26.25,27.25,24.611708
10:57:27,29.37,26.17,27.39,24.611703
10:57:28,29.43,26.27,27.15,24.611699
10:57:29,29.41,26.21,27.23,24.611691
10:57:30,29.45,26.21,26.77,24.611689
10:57:31,29.41,26.15,27.19,24.611684
10:57:32,29.39,26.25,26.47,24.611683
10:57:33,29.37,26.19,26.77,24.611685
10:57:34,29.39,26.17,27.13,24.611683
10:57:35,29.41,26.21,27.13,24.611686
10:57:36,29.33,26.19,27.39,24.611693
10:57:37,29.33,26.15,27.19,24.611698
10:57:38,29.35,26.21,26.61,24.611693
10:57:39,29.35,26.11,27.67,24.611703
10:57:40,29.37,26.15,26.77,24.611707
10:57:41,29.29,26.17,27.03,24.611708
10:57:42,29.33,26.19,26.75,24.611712
10:57:43,29.35,26.17,26.69,24.611714
10:57:44,29.33,26.17,26.69,24.611722
10:57:45,29.25,26.21,26.79,24.611727
10:57:46,29.27,26.15,27.05,24.611738
10:57:47,29.31,26.15,26.95,24.61176
10:57:48,29.31,26.17,27.41,24.611778
10:57:49,29.27,26.11,27.11,24.611797
10:57:50,29.31,26.19,27.17,24.611814
10:57:51,29.27,26.17,26.93,24.61184
10:57:52,29.25,26.17,27.09,24.611861
10:57:53,29.29,26.23,27.23,24.611889
10:57:54,29.31,26.23,26.73,24.611909
10:57:55,29.25,26.17,27.09,24.611937
10:57:56,29.25,26.15,27.09,24.61197
10:57:57,29.31,26.25,27.29,24.611994
10:57:58,29.23,26.15,27.57,24.612027
10:57:59,29.27,26.17,27.11,24.612048
10:58:00,29.25,26.21,27.51,24.612087
10:58:01,29.29,26.17,27.23,24.612109
10:58:02,29.23,26.25,26.83,24.612138
10:58:03,29.23,26.21,26.71,24.612168
10:58:04,29.25,26.01,22.29,24.612203
10:58:05,29.23,26.13,22.55,24.612226
10:58:06,29.21,25.93,18.85,24.612251
10:58:07,29.21,26.05,20.49,24.612283
10:58:08,29.23,26.13,18.67,24.612317
10:58:09,29.17,25.95,18.75,24.612351
10:58:10,29.19,26.23,20.65,24.612379
10:58:11,29.17,25.99,17.15,24.61242
10:58:12,29.15,25.97,20.55,24.612448
10:58:13,29.13,25.91,16.29,24.612485
10:58:14,29.13,26.03,19.69,24.612515
10:58:15,29.15,26.11,21.79,24.61255
10:58:16,29.15,26.01,23.41,24.612574
10:58:17,29.11,26.23,23.59,24.612602
10:58:18,29.11,26.05,24.63,24.612635
10:58:19,29.07,26.13,24.47,24.612661
10:58:20,29.11,26.13,25.71,24.612694
10:58:21,29.13,26.25,24.79,24.612711
10:58:22,29.11,26.27,25.25,24.612735
10:58:23,29.11,26.21,25.79,24.612767
10:58:24,29.07,26.17,25.35,24.612796
10:58:25,29.09,26.21,25.63,24.612816
10:58:26,29.07,26.25,25.75,24.612844
10:58:27,29.01,26.09,25.39,24.612874
10:58:29,29.07,26.21,25.39,24.612925
10:58:31,29.01,26.21,25.93,24.612949
10:58:33,29.03,26.13,25.71,24.612982
10:58:34,29.03,26.27,25.53,24.61299
10:58:36,29.01,26.17,26.31,24.61303
10:58:38,29.01,26.21,25.47,24.613054
10:58:39,28.95,26.17,25.99,24.613062
10:58:40,29.01,26.21,26.01,24.613072
10:58:41,28.97,26.23,26.39,24.613076
10:58:42,28.97,26.17,25.45,24.613091
