"t","Ta","To","To2","T"
10:45:51,29.67,26.31,22.55,24.613044
10:45:52,29.65,26.23,22.71,24.613045
10:45:53,29.63,26.23,23.25,24.613044
10:45:54,29.69,26.27,23.09,24.613038
10:45:55,29.65,26.17,22.95,24.613025
10:45:56,29.67,26.21,22.57,24.613023
10:45:57,29.63,26.29,23.03,24.613023
10:45:58,29.61,26.23,22.71,24.613014
10:45:59,29.61,26.17,22.79,24.613001
10:46:00,29.63,26.23,23.21,24.612995
10:46:01,29.63,26.27,22.89,24.612978
10:46:02,29.63,26.21,23.13,24.612973
10:46:03,29.63,26.25,22.73,24.612971
10:46:04,29.57,26.21,22.85,24.612969
10:46:05,29.69,26.29,23.13,24.612952
10:46:06,29.61,26.23,23.09,24.612931
10:46:07,29.59,26.27,22.95,24.612914
10:46:08,29.59,26.27,23.07,24.612899
10:46:09,29.53,26.17,22.81,24.612879
10:46:10,29.53,26.15,23.37,24.612865
10:46:11,29.55,26.17,22.57,24.612848
10:46:12,29.55,26.19,22.97,24.612824
10:46:13,29.57,26.17,22.87,24.6128
10:46:14,29.53,26.13,22.87,24.612767
10:46:15,29.61,26.23,23.27,24.612749
10:46:16,29.57,26.21,23.11,24.612724
10:46:17,29.55,26.23,23.23,24.612699
10:46:18,29.57,26.17,22.93,24.612674
10:46:19,29.55,26.27,22.85,24.612653
10:46:20,29.51,26.25,23.05,24.612639
10:46:21,29.51,26.29,22.41,24.612611
10:46:22,29.51,26.21,22.69,24.612593
10:46:23,29.49,26.23,22.83,24.612568
10:46:24,29.51,26.25,22.85,24.612554
10:46:25,29.47,26.19,23.39,24.612538
10:46:26,29.45,26.09,23.15,24.612513
10:46:27,29.45,26.15,23.13,24.612484
10:46:28,29.47,26.27,22.71,24.612465
10:46:29,29.49,26.25,22.91,24.612449
10:46:30,29.49,26.27,22.79,24.612432
10:46:31,29.45,26.17,23.01,24.61242
10:46:32,29.47,26.27,23.33,24.612408
10:46:33,29.43,26.23,23.21,24.612396
10:46:34,29.51,26.25,23.09,24.612383
10:46:35,29.47,26.29,23.33,24.612381
10:46:36,29.43,26.21,23.27,24.612375
10:46:37,29.43,26.29,22.95,24.612369
10:46:38,29.47,26.27,23.11,24.612363
10:46:39,29.39,26.23,23.23,24.612362
10:46:40,29.37,26.17,22.69,24.612355
10:46:41,29.39,26.21,22.53,24.612348
10:46:42,29.37,26.19,23.27,24.612352
10:46:43,29.33,26.33,23.37,24.612364
10:46:44,29.35,26.21,22.71,24.612379
10:46:45,29.41,26.25,23.09,24.612381
10:46:46,29.33,26.21,23.37,24.612396
10:46:47,29.41,26.27,23.13,24.612406
10:46:48,29.39,26.23,23.07,24.612431
10:46:49,29.39,26.21,23.39,24.612448
10:46:50,29.33,26.27,23.05,24.612451
10:46:51,29.37,26.25,23.03,24.612472
10:46:52,29.33,26.21,23.29,24.612487
10:46:53,29.33,26.15,25.69,24.612503
10:46:54,29.39,26.11,29.33,24.612516
10:46:55,29.43,25.99,33.79,24.612536
10:46:56,29.47,25.83,38.79,24.612551
10:46:57,29.55,25.77,42.89,24.612572
10:46:58,29.59,25.59,46.85,24.612597
10:46:59,29.73,25.69,50.05,24.612619
10:47:00,29.81,25.47,53.17,24.612639
10:47:01,29.93,25.43,55.59,24.612663
10:47:02,30.05,25.33,57.85,24.612684
10:47:03,30.13,25.35,60.07,24.612704
10:47:04,30.37,25.35,61.77,24.612726
10:47:05,30.47,25.27,63.87,24.612732
10:47:06,30.61,25.17,65.27,24.612752
10:47:07,30.79,25.19,66.89,24.612769
10:47:08,31.01,25.19,68.31,24.612785
10:47:09,31.11,25.05,69.45,24.612806
10:47:10,31.31,25.13,70.45,24.612823
10:47:11,31.49,25.05,71.51,24.612851
10:47:12,31.55,25.05,72.69,24.612865
10:47:13,31.85,25.03,73.61,24.612878
10:47:14,31.93,24.93,74.43,24.612889
10:47:15,32.17,24.97,75.17,24.612911
10:47:17,32.37,25.05,76.33,24.612945
10:47:18,32.57,25.03,76.85,24.612955
10:47:19,32.77,24.95,78.01,24.612974
10:47:20,32.89,24.87,78.67,24.612989
10:47:21,33.05,24.89,79.15,24.612996
10:47:22,33.27,24.87,80.01,24.613005
10:47:23,33.45,24.89,80.43,24.613014
10:47:24,33.65,24.95,81.19,24.613029
10:47:25,33.77,24.83,81.87,24.613047
10:47:26,33.85,24.71,82.47,24.613062
10:47:27,34.23,24.87,83.17,24.613077
10:47:28,34.41,24.83,83.47,24.613084
10:47:29,34.59,24.83,83.81,24.613099
10:47:30,34.81,24.97,82.51,24.613114
10:47:31,35.01,25.03,80.59,24.613114
10:47:32,35.07,25.13,77.05,24.613118
10:47:33,35.25,25.33,73.83,24.61313
10:47:34,35.37,25.39,70.81,24.613135
10:47:35,35.39,25.41,67.59,24.613151
10:47:36,35.51,25.47,64.69,24.613156
10:47:37,35.57,25.59,62.31,24.613162
10:47:38,35.67,25.75,59.63,24.613169
10:47:39,35.71,25.81,57.15,24.613167
10:47:40,35.75,25.85,55.27,24.613162
10:47:41,35.81,25.87,53.25,24.613163
10:47:42,35.79,25.93,51.55,24.613166
10:47:43,35.81,25.99,49.97,24.613163
10:47:44,35.83,25.93,48.63,24.613155
10:47:45,35.87,25.97,47.25,24.613156
10:47:46,35.89,26.01,46.03,24.613154
10:47:47,35.87,26.13,44.97,24.613154
10:47:48,35.89,26.07,43.95,24.613149
10:47:49,35.91,26.07,43.03,24.61313
10:47:50,35.91,26.05,42.05,24.613126
10:47:51,35.89,26.07,41.13,24.61311
10:47:52,35.89,26.15,40.57,24.613099
10:47:53,35.87,26.17,39.87,24.613091
10:47:54,35.89,26.13,39.43,24.61307
10:47:55,35.87,26.17,38.49,24.613041
10:47:56,35.89,26.17,37.87,24.61302
10:47:57,35.83,26.17,37.29,24.613003
10:47:58,35.81,26.15,36.89,24.612972
10:47:59,35.83,26.25,36.01,24.612939
10:48:00,35.77,26.13,35.77,24.612908
10:48:01,35.71,26.15,35.43,24.61288
10:48:02,35.75,26.15,35.05,24.612849
10:48:03,35.77,26.15,34.83,24.612812
10:48:04,35.75,26.21,33.77,24.612775
10:48:05,35.73,26.23,33.43,24.612733
10:48:06,35.73,26.23,33.51,24.612693
10:48:07,35.71,26.25,33.11,24.612657
10:48:08,35.69,26.23,32.71,24.612614
10:48:09,35.61,26.15,32.35,24.61258
10:48:10,35.65,26.17,32.13,24.612543
10:48:11,35.63,26.23,31.43,24.612491
10:48:12,35.57,26.21,31.29,24.612444
10:48:13,35.59,26.17,31.07,24.612402
10:48:14,35.59,26.19,30.95,24.612364
10:48:15,35.55,26.17,30.45,24.612309
10:48:16,35.57,26.21,30.53,24.61226
10:48:17,35.47,26.19,29.89,24.612204
10:48:18,35.51,26.15,29.51,24.612147
10:48:19,35.49,26.21,29.69,24.6121
10:48:20,35.53,26.21,29.43,24.612046
10:48:21,35.47,26.19,28.91,24.612002
10:48:22,35.43,26.43,25.53,24.61195
10:48:23,35.45,26.21,18.69,24.611896
10:48:24,35.35,26.47,16.09,24.611845
10:48:25,35.41,26.17,17.41,24.611801
10:48:26,35.35,26.45,14.45,24.611754
10:48:27,35.29,26.15,17.33,24.611703
10:48:28,35.27,26.23,11.97,24.611668
10:48:29,35.31,26.15,19.03,24.611623
10:48:30,35.25,26.25,13.15,24.611571
10:48:31,35.17,26.13,19.93,24.611534
10:48:32,35.23,26.05,23.55,24.611499
10:48:33,35.17,26.13,25.23,24.611463
10:48:34,35.17,26.13,25.79,24.611438
10:48:35,35.21,26.09,26.27,24.611405
10:48:36,35.25,26.17,25.71,24.611373
10:48:37,35.13,26.13,25.29,24.61134
10:48:38,35.13,26.17,25.25,24.611315
10:48:39,35.11,26.19,24.53,24.611288
10:48:40,35.11,26.17,24.27,24.611272
10:48:41,35.11,26.15,24.31,24.611258
10:48:42,35.03,26.13,23.91,24.611249
10:48:43,35.05,26.15,23.35,24.611234
10:48:44,35.03,26.11,23.17,24.611218
10:48:45,34.99,26.13,23.43,24.611206
10:48:46,35.03,26.13,23.03,24.611194
10:48:47,34.95,26.11,22.63,24.611194
10:48:48,34.97,26.21,22.75,24.611196
10:48:49,34.93,26.13,22.43,24.611195
10:48:50,34.95,26.13,22.35,24.611193
10:48:51,34.93,26.15,22.35,24.611185
10:48:52,34.91,26.09,22.51,24.611203
10:48:53,34.91,26.21,21.51,24.611218
10:48:54,34.89,26.13,21.99,24.611229
10:48:55,34.89,26.13,21.95,24.611239
10:48:56,34.85,26.19,21.25,24.611253
10:48:57,34.79,26.11,20.83,24.611262
10:48:58,34.81,26.15,21.21,24.61127
10:48:59,34.81,26.15,20.99,24.611282
10:49:00,34.81,26.19,21.13,24.611305
10:49:02,34.77,26.19,20.45,24.611314
10:49:03,34.73,26.13,20.25,24.611322
10:49:04,34.73,26.15,20.51,24.611337
10:49:05,34.73,26.09,20.29,24.611361
10:49:06,34.65,26.21,20.35,24.611384
