"t","Ta","To","To2","T"
11:01:21,28.47,26.35,27.87,24.612523
11:01:22,28.47,26.47,27.33,24.612507
11:01:23,28.43,26.45,27.15,24.612513
11:01:24,28.43,26.29,27.31,24.612507
11:01:25,28.45,26.39,27.53,24.612504
11:01:26,28.43,26.37,26.93,24.612509
11:01:27,28.45,26.45,27.57,24.612499
11:01:28,28.47,26.39,27.53,24.612493
11:01:29,28.37,26.31,27.43,24.612476
11:01:30,28.41,26.39,27.15,24.612477
11:01:31,28.37,26.37,26.87,24.612473
11:01:32,28.41,26.41,27.85,24.612472
11:01:33,28.37,26.49,27.09,24.612472
11:01:34,28.41,26.41,27.09,24.612475
11:01:35,28.45,26.43,27.33,24.612468
11:01:36,28.45,26.41,27.17,24.612467
11:01:37,28.41,26.37,27.29,24.612476
11:01:38,28.37,26.37,27.27,24.612475
11:01:39,28.33,26.31,27.01,24.612482
11:01:40,28.19,26.37,27.13,24.612484
11:01:41,28.33,26.43,27.09,24.612483
11:01:43,28.39,26.37,26.81,24.612483
11:01:44,28.37,26.35,27.21,24.612489
11:01:45,28.37,26.41,27.05,24.612488
11:01:46,28.37,26.33,26.67,24.612503
11:01:47,28.35,26.41,26.97,24.612503
11:01:48,28.35,26.39,26.53,24.61251
11:01:49,28.29,26.31,27.07,24.612525
11:01:50,28.35,26.41,27.03,24.612531
11:01:51,28.29,26.33,26.89,24.612545
11:01:52,28.39,26.47,27.27,24.612553
11:01:53,28.35,26.43,26.97,24.612563
11:01:54,28.33,26.33,26.85,24.612583
11:01:55,28.33,26.47,26.69,24.612594
11:01:56,28.29,26.37,27.03,24.612596
11:01:57,28.31,26.41,27.19,24.61261
11:01:58,28.29,26.33,27.23,24.61262
11:01:59,28.31,26.43,26.83,24.612643
11:02:00,28.29,26.39,26.87,24.612663
11:02:01,28.27,26.35,26.65,24.612669
11:02:02,28.27,26.37,26.87,24.612682
11:02:03,28.31,26.39,26.65,24.612696
11:02:04,28.23,26.47,26.31,24.612713
11:02:05,28.25,26.43,26.85,24.61274
11:02:06,28.23,26.33,26.67,24.612747
11:02:07,28.27,26.37,26.97,24.612765
11:02:08,28.25,26.39,27.05,24.612791
11:02:09,28.27,26.37,26.69,24.612816
11:02:10,28.23,26.47,26.45,24.61283
11:02:11,28.25,26.47,27.05,24.612851
11:02:12,28.25,26.41,26.93,24.612877
11:02:13,28.25,26.43,27.57,24.612895
11:02:14,28.23,26.35,27.23,24.612909
11:02:15,28.25,26.41,26.79,24.612925
11:02:16,28.27,26.45,27.03,24.612931
11:02:17,28.21,26.41,27.19,24.61295
11:02:18,28.19,26.47,27.55,24.612957
11:02:19,28.17,26.35,26.91,24.612961
11:02:20,28.07,26.31,26.75,24.612992
11:02:21,28.25,26.41,27.11,24.61301
11:02:22,28.05,26.31,26.91,24.61303
11:02:23,28.21,26.43,26.99,24.613036
11:02:24,27.99,26.17,27.75,24.61304
11:02:25,28.13,26.27,27.35,24.613056
11:02:26,28.13,26.31,26.83,24.613066
11:02:27,28.15,26.33,27.03,24.613075
11:02:28,28.17,26.41,26.75,24.61309
11:02:29,28.13,26.35,27.85,24.6131
11:02:30,28.15,26.43,33.47,24.613113
11:02:31,28.21,26.45,41.95,24.613129
11:02:32,28.27,26.63,49.97,24.613146
11:02:33,28.33,26.49,57.29,24.613148
11:02:34,28.37,26.39,63.29,24.613147
11:02:35,28.53,26.43,68.45,24.613161
11:02:36,28.65,26.37,72.79,24.61317
11:02:37,28.63,26.11,76.11,24.613169
11:02:38,28.89,26.27,79.21,24.613164
11:02:39,29.07,26.27,81.37,24.613166
11:02:40,29.19,26.19,83.99,24.613168
11:02:41,29.29,26.15,85.75,24.613171
11:02:42,29.51,26.17,87.71,24.613161
11:02:43,29.63,26.19,89.23,24.613172
11:02:44,29.79,26.11,91.09,24.61317
11:02:45,29.89,25.95,92.55,24.613172
11:02:46,30.09,26.03,94.09,24.613168
11:02:47,30.25,26.01,95.25,24.613158
11:02:48,30.47,26.01,96.59,24.613162
11:02:49,30.63,26.01,97.81,24.61317
11:02:50,30.77,25.87,98.99,24.61316
11:02:51,30.95,25.87,100.13,24.613154
11:02:52,31.15,25.87,101.29,24.613151
11:02:53,31.35,25.81,102.37,24.613147
11:02:54,31.47,25.73,103.33,24.613144
11:02:55,31.71,25.87,104.39,24.613137
11:02:56,31.81,25.77,104.95,24.613135
11:02:57,32.01,25.77,105.95,24.613127
11:02:58,32.23,25.67,106.75,24.613117
11:02:59,32.37,25.77,107.01,24.613105
11:03:00,32.55,25.51,105.03,24.613084
11:03:01,32.69,25.49,100.79,24.613066
11:03:02,32.81,25.55,96.13,24.613048
11:03:03,32.91,25.57,91.41,24.613049
11:03:04,33.03,25.55,86.83,24.613043
11:03:05,33.07,25.67,82.11,24.613021
11:03:06,33.15,25.63,78.31,24.613013
11:03:07,33.19,25.69,74.67,24.613
11:03:08,33.23,25.69,71.85,24.612982
11:03:09,33.27,25.67,69.01,24.612967
11:03:10,33.27,25.75,66.47,24.612956
11:03:11,33.27,25.69,64.19,24.612941
11:03:12,33.27,25.73,62.53,24.612927
11:03:13,33.27,25.77,60.49,24.612899
11:03:14,33.37,25.77,58.85,24.612888
11:03:15,33.35,25.73,57.93,24.612872
11:03:16,33.33,25.85,56.51,24.61286
11:03:17,33.37,25.85,55.23,24.612843
11:03:18,33.33,25.81,54.19,24.612817
11:03:19,33.33,25.73,52.93,24.612794
11:03:20,33.31,25.81,51.93,24.612781
11:03:21,33.35,25.83,51.37,24.612746
11:03:22,33.37,25.91,50.81,24.612719
11:03:23,33.39,25.97,49.43,24.612697
11:03:24,33.31,25.91,48.99,24.612672
11:03:26,33.35,25.91,47.87,24.612616
11:03:27,33.29,25.93,47.53,24.612589
11:03:29,33.33,26.01,46.21,24.612542
11:03:30,33.25,25.83,45.49,24.61252
11:03:31,33.25,25.93,44.83,24.612504
11:03:32,33.23,25.83,44.75,24.612484
11:03:33,33.21,25.95,44.05,24.612448
11:03:34,33.23,25.99,43.61,24.612424
11:03:35,33.21,25.99,43.13,24.612395
11:03:36,33.17,26.01,43.07,24.612366
11:03:37,33.15,26.01,41.97,24.612335
11:03:38,33.17,26.11,41.27,24.612308
11:03:39,33.21,26.07,41.21,24.612279
11:03:40,32.95,25.81,41.05,24.612257
11:03:41,33.11,26.03,40.49,24.612233
11:03:42,33.11,26.05,39.97,24.612209
11:03:43,33.07,26.01,39.87,24.612188
11:03:44,32.89,25.93,39.45,24.612165
11:03:45,33.05,26.07,39.01,24.612138
11:03:46,33.07,26.13,38.69,24.612114
11:03:47,33.03,26.09,38.51,24.612092
11:03:48,33.03,26.15,37.71,24.612066
11:03:49,33.03,26.09,37.85,24.612041
11:03:50,32.99,26.13,37.39,24.612007
11:03:51,33.03,26.13,37.35,24.61199
11:03:52,33.01,26.15,37.03,24.611971
11:03:53,32.99,26.17,36.65,24.611945
11:03:54,32.97,26.15,37.11,24.611926
11:03:55,32.99,26.15,36.77,24.611906
11:03:56,32.91,26.09,35.93,24.611894
11:03:57,32.91,26.13,36.13,24.611878
11:03:58,32.89,26.17,35.57,24.611862
11:03:59,32.91,26.21,35.23,24.611847
11:04:00,32.89,26.15,35.37,24.611836
11:04:01,32.85,26.23,34.63,24.611823
11:04:02,32.83,26.21,34.61,24.611805
11:04:03,32.85,26.25,34.65,24.611799
11:04:04,32.81,26.15,34.01,24.611788
11:04:05,32.83,26.13,33.93,24.611785
11:04:06,32.81,26.25,33.31,24.611783
11:04:07,32.81,26.21,33.67,24.611786
11:04:08,32.79,26.15,33.45,24.611791
11:04:09,32.73,26.21,33.43,24.611784
11:04:10,32.79,26.23,32.85,24.611779
11:04:11,32.73,26.13,33.19,24.611778
11:04:12,32.75,26.19,32.81,24.611774
11:04:13,32.75,26.19,32.81,24.611784
11:04:14,32.71,26.31,32.73,24.611789
11:04:15,32.71,26.19,32.53,24.611799
11:04:16,32.69,26.27,32.51,24.611811
11:04:17,32.67,26.27,32.51,24.611824
11:04:18,32.63,26.23,32.35,24.611839
11:04:19,32.61,26.31,31.77,24.611853
11:04:20,32.69,26.27,31.67,24.611871
11:04:21,32.63,26.25,32.05,24.611895
11:04:22,32.59,26.21,32.09,24.611918
11:04:23,32.61,26.31,32.09,24.611946
11:04:24,32.59,26.21,31.29,24.611976
11:04:25,32.57,26.29,31.45,24.612001
11:04:26,32.57,26.27,31.27,24.612026
11:04:27,32.51,26.27,30.89,24.612053
11:04:28,32.59,26.31,31.23,24.612072
11:04:29,32.53,26.15,31.45,24.612085
11:04:30,32.49,26.27,30.51,24.612113
11:04:31,32.51,26.17,31.15,24.612132
11:04:32,32.51,26.27,30.71,24.612162
11:04:33,32.43,26.21,30.45,24.612195
11:04:34,32.51,26.35,30.13,24.612219
11:04:35,32.45,26.27,30.73,24.612246
11:04:36,32.47,26.27,30.59,24.612255
11:04:37,32.43,26.29,30.39,24.612277
11:04:38,32.43,26.23,29.95,24.612302
11:04:39,32.43,26.33,29.79,24.612329
11:04:40,32.41,26.29,30.51,24.612348
11:04:41,32.37,26.27,29.65,24.612365
11:04:42,32.39,26.29,29.81,24.612391
11:04:43,32.33,26.27,29.75,24.612402
11:04:44,32.37,26.37,29.11,24.612424
11:04:45,32.35,26.29,29.73,24.612442
11:04:46,32.35,26.33,29.59,24.612451
11:04:47,32.31,26.27,29.97,24.612473
11:04:48,32.27,26.27,29.57,24.612492
11:04:49,32.27,26.25,29.75,24.612504
11:04:50,32.31,26.33,29.23,24.612513
11:04:51,32.31,26.39,29.47,24.612527
11:04:52,32.27,26.25,29.51,24.61254
11:04:53,32.27,26.29,29.45,24.612547
11:04:54,32.27,26.29,29.59,24.612546
11:04:55,32.19,26.31,29.47,24.612544
11:04:56,32.23,26.29,28.99,24.612548
11:04:57,32.21,26.39,28.23,24.61255
11:04:58,32.23,26.17,22.51,24.612558
11:04:59,32.23,26.31,21.15,24.612574
11:05:00,32.17,26.15,19.99,24.61257
11:05:01,32.13,26.33,17.27,24.612569
11:05:02,32.17,26.09,19.55,24.612563
11:05:03,32.09,26.19,14.97,24.612551
11:05:04,32.11,26.11,19.07,24.612536
11:05:05,32.11,26.09,16.67,24.612535
11:05:06,32.05,26.27,19.49,24.612544
11:05:07,32.07,26.23,21.29,24.612537
11:05:08,32.07,26.15,24.01,24.612511
11:05:09,32.01,26.25,24.55,24.612503
11:05:10,32.01,26.29,25.59,24.612494
11:05:11,31.99,26.19,26.05,24.612486
11:05:13,31.99,26.33,26.71,24.612475
11:05:14,31.97,26.29,26.87,24.612449
11:05:15,31.95,26.21,26.73,24.612426
11:05:16,31.97,26.27,26.85,24.61242
11:05:17,31.93,26.31,27.13,24.612399
11:05:18,31.95,26.27,27.15,24.612379
11:05:19,31.97,26.35,27.21,24.612356
11:05:20,31.87,26.25,26.87,24.612347
11:05:21,31.93,26.25,26.67,24.612312
11:05:22,31.93,26.35,26.85,24.61228
11:05:23,31.91,26.31,26.75,24.612252
11:05:24,31.89,26.29,27.13,24.612226
11:05:25,31.81,26.31,26.89,24.612195
11:05:26,31.87,26.31,27.01,24.612174
11:05:27,31.85,26.37,26.79,24.612145
11:05:28,31.81,26.35,27.75,24.61211
11:05:29,31.79,26.31,26.97,24.612065
11:05:30,31.83,26.35,27.15,24.612032
11:05:31,31.77,26.29,27.35,24.612009
11:05:32,31.77,26.29,27.15,24.611978
11:05:33,31.73,26.27,27.23,24.611945
11:05:34,31.75,26.41,26.53,24.611919
11:05:35,31.77,26.39,26.99,24.611878
11:05:36,31.73,26.29,27.27,24.611837
11:05:37,31.75,26.29,26.87,24.611802
11:05:38,31.75,26.23,27.69,24.611779
11:05:39,31.73,26.33,27.03,24.61175
